Abell 3151  53.76915 -29.32879  21047  37  8.23    17.8
Abell 3151  53.77202 -29.28238  20836  41  7.73    17.2
Abell 3151  53.85695 -28.51834  20615  46  6.56    16.7
Abell 3151  53.91098 -28.42587  19043  76  2.60    18.2
Abell 3151  53.93193 -28.30377  41891  96  3.84    18.2
Abell 3151  53.94665 -28.96525  30792  64  5.23    18.4
Abell 3151  53.99102 -29.22268  20685  34  9.69    17.3
Abell 3151  53.99635 -29.49512  30601  40  7.45    17.9
Abell 3151  54.01372 -28.98221  20460  50  5.20    17.1
Abell 3151  54.02988 -28.80511  20827 155  1.74    18.4
Abell 3151  54.04343 -29.20228  20602  35 10.79    17.7
Abell 3151  54.05648 -28.41235  26593  76  3.28    18.5
Abell 3151  54.12346 -28.81834  20199  40  5.90    15.8
Abell 3151  54.13433 -28.57845  20670  30        4 18.2
Abell 3151  54.13494 -28.63070  59432 108  2.22    16.8
Abell 3151  54.15401 -29.08299  20997 110        2 16.9
Abell 3151  54.15549 -28.69241  31086  46  5.47    17.6
Abell 3151  54.18096 -28.80064  31776  38  7.74    17.8
Abell 3151  54.19624 -29.32948  32098  38  8.88    17.6
Abell 3151  54.20047 -28.80786  20691  41  7.09    16.5
Abell 3151  54.23404 -28.89019  37949  86  2.70    18.1
Abell 3151  54.23766 -28.73406  63048  56  2.73    18.4
Abell 3151  54.26577 -29.07062  36664  65  4.32    17.5
Abell 3151  54.27716 -28.38175  54563  37  7.73    17.6
Abell 3151  54.33981 -28.97212  20826  74        2 17.7
Abell 3151  54.35387 -29.55809  31862  44  7.29    17.2
Abell 3151  54.37753 -29.54285  31662  42  7.43    17.5
Abell 3151  54.45418 -28.89329  21157  37  8.49    16.8
Abell 3151  54.48716 -28.35379  20418  88        3 17.2
Abell 3151  54.48922 -28.79548  21629  69  2.96    17.6
Abell 3151  54.51046 -28.84745  21619  50  7.31    17.5
Abell 3151  54.51427 -28.61483  20182  78  3.68    17.8
Abell 3151  54.52161 -28.68690  19575  62  4.76    17.3
Abell 3151  54.53838 -28.84813  19132  49  4.89    17.4
Abell 3151  54.55505 -28.97430  43253  74  2.58    17.2
Abell 3151  54.55922 -28.86366  20968  42  7.87    16.7
Abell 3151  54.56206 -29.10992   4278  85  2.71    16.5
Abell 3151  54.56958 -29.22904  32081  56  4.38    17.5
Abell 3151  54.57656 -28.83020  19670  51  5.58    17.3
Abell 3151  54.59375 -28.83691   5407  99  1.71    15.1
Abell 3151  54.61370 -28.78958  30853  82  3.04    17.9
Abell 3151  54.63285 -28.89793  28533  65  3.39    17.6
Abell 3151  54.63993 -28.83662  19779  37  8.09    17.5
Abell 3151  54.64993 -28.81491  19835  37  7.39    16.9
Abell 3151  54.65984 -29.23649  17817  30        3 17.8
Abell 3151  54.66379 -28.94577  19693  67        3 18.5
Abell 3151  54.66752 -29.45358   5410 180  2.67    18.2
Abell 3151  54.66935 -28.87994  19726  64  3.42    17.4
Abell 3151  54.67801 -29.18183  20531  63  2.82    16.3
Abell 3151  54.68906 -28.89976  18358 116  2.68    16.3
Abell 3151  54.70130 -28.86498  17708  50        4 17.4
Abell 3151  54.70713 -28.82814  21196  66  2.93    17.9
Abell 3151  54.74772 -28.84453  21124  65  4.93    16.6
Abell 3151  54.76927 -28.84172  19831 182        3 17.7
Abell 3151  54.80489 -28.41784   3549  87  2.77    17.5
Abell 3151  54.81199 -29.27591  34384  78  1.99    17.8
Abell 3151  54.81784 -28.95287  19800  68  3.20    18.4
Abell 3151  54.82059 -29.05750  20393 -99        1 17.4
Abell 3151  54.83546 -29.28118  32685 138        3 17.6
Abell 3151  54.87479 -28.32176  30963  68  2.95    17.0
Abell 3151  54.89034 -29.27665  32263  69  2.81    18.0
Abell 3151  54.89743 -29.01899  69900 106  1.98    16.7
Abell 3151  54.90465 -29.22744  33850  90  2.14    17.6
Abell 3151  54.92138 -28.28349  12421  51  6.43    15.9
Abell 3151  54.92356 -28.77234  37292  87  1.95    17.9
Abell 3151  54.92987 -28.68771  62369  71  3.36    18.5
Abell 3151  54.94527 -28.99029  41477  82  2.20    17.6
Abell 3151  54.98616 -28.30853  12665  56  3.71    17.9
Abell 3151  54.99923 -28.98244  20448  52  4.38    17.0
Abell 3151  55.00218 -28.31809  22561  79  2.86    17.7
Abell 3151  55.04467 -28.85816  20630  92  1.86    18.2
Abell 3151  55.05235 -29.03360  21083  45  5.66    16.3
Abell 3151  55.05360 -29.20045  31889  61  4.71    17.6
Abell 3151  55.06217 -29.11152  28554  82        3 17.9
Abell 3151  55.06435 -28.64290  21046  49  4.38    17.7
Abell 3151  55.06597 -29.49581  14844  54  2.27    18.1
Abell 3151  55.07589 -28.90469  30206  92  2.87    18.2
Abell 3151  55.07893 -29.56617  37336  65  4.84    17.8
Abell 3151  55.08417 -29.16074  28608 108        2 17.9
Abell 3151  55.10174 -29.55958  37241  51  6.59    17.1
Abell 3151  55.12239 -29.05910  31915 157        2 18.2
Abell 3151  55.13852 -28.79611  20522  75  3.29    17.2
Abell 3151  55.16137 -28.49634  28737 -99        1 18.2
Abell 3151  55.17781 -29.25293  36461  53  5.97    17.8
Abell 3151  55.18254 -28.67098  21234  34  8.74    17.9
Abell 3151  55.22220 -28.67619  20858  51  4.52    17.9
Abell 3151  55.22295 -28.83404  21570  78  2.39    18.4
Abell 3151  55.22388 -29.38093  28671  29 10.05    17.4
Abell 3151  55.22551 -28.63689  20834  64        4 18.2
Abell 3151  55.24739 -28.65367  21147  37  7.93    16.3
Abell 3151  55.25812 -28.67522  21073  46  6.31    17.6
Abell 3151  55.26304 -28.37046  36512  34  7.81    17.6
Abell 3151  55.27801 -29.11376  25305 130  1.85    18.4
Abell 3151  55.27899 -29.32283  27375  51  5.68    18.4
Abell 3151  55.28450 -28.64422  21313  30  9.52    17.4
Abell 3151  55.32201 -28.80717  20791  87        3 18.4
Abell 3151  55.33291 -29.37572  26688  77  2.27    18.2
Abell 3151  55.33860 -28.59666  20438  57  3.34    18.5
Abell 3151  55.35978 -29.26949  48523  45  5.43    17.9
Abell 3151  55.37137 -28.59810  31505  48  4.83    18.0
Abell 3151  55.38061 -28.54859  20764  43  5.55    17.7
