Abell 3111  47.95060 -45.90606  18510  27        2 17.8
Abell 3111  47.97088 -45.59690  21365  37  8.95    17.7
Abell 3111  47.97567 -45.65161  18794  36  8.75    17.5
Abell 3111  47.97767 -46.06036  38635  58  3.02    17.7
Abell 3111  47.97971 -45.62807  19097  85        3 17.7
Abell 3111  47.98074 -45.66657  18861  87  2.97    17.7
Abell 3111  47.99212 -45.44008  40133  59  4.70    17.9
Abell 3111  47.99512 -45.92274  21867  45  7.15    17.7
Abell 3111  48.01627 -45.49697  21493 122        4 17.8
Abell 3111  48.03808 -45.64629  22161  52        2 17.8
Abell 3111  48.08117 -46.06895  25127  57  3.53    17.6
Abell 3111  48.09906 -45.60858  21807  92  3.73    17.7
Abell 3111  48.11453 -45.62990  21365  43  7.38    17.6
Abell 3111  48.16128 -46.15071  13411  65  4.38    17.9
Abell 3111  48.17332 -45.89540  24893  50  6.69    17.9
Abell 3111  48.19576 -45.55702  21394  43  7.95    17.6
Abell 3111  48.21275 -46.48515  38025  68  3.40    17.7
Abell 3111  48.23272 -45.54951  45889  60  6.15    17.7
Abell 3111  48.24099 -45.96766  46257  36  7.48    17.8
Abell 3111  48.24206 -45.60228  21378  68  4.93    16.9
Abell 3111  48.25318 -46.23970  29286  38  8.31    17.8
Abell 3111  48.26558 -45.64944  22810  71  4.98    17.6
Abell 3111  48.27349 -46.60066  24171  74  3.94    17.9
Abell 3111  48.29765 -45.58990  19831 112        2 17.2
Abell 3111  48.30122 -45.74008  24646  70  4.13    17.7
Abell 3111  48.32266 -45.49124  22291  35  9.30    17.5
Abell 3111  48.40833 -45.50092  21714  49  5.46    17.8
Abell 3111  48.43193 -45.97918  20711  50  4.26    17.4
Abell 3111  48.46328 -45.52178  24502 104        2 18.0
Abell 3111  48.46812 -45.28538  22396  57  4.61    17.9
Abell 3111  48.49491 -45.79090  10247  26        5 17.7
Abell 3111  48.51105 -46.01773  23395  68  5.34    17.0
Abell 3111  48.51111 -45.90486  13502  76  3.31    17.1
Abell 3111  48.52682 -46.00690  24073  67  3.72    17.7
Abell 3111  48.54546 -45.61202  25094  71  3.54    16.3
Abell 3111  48.57628 -45.59609  20904  84  2.65    18.0
Abell 3111  48.59361 -45.42289  22063  77  3.96    17.0
Abell 3111  48.59938 -45.78247  13417  44  6.90    17.9
Abell 3111  48.60770 -45.21067  21838 140        2 16.2
Abell 3111  48.61972 -45.25341  23243  50  6.20    17.8
Abell 3111  48.62878 -45.29867  22572  36  7.40    17.7
Abell 3111  48.63140 -46.47879  11800  16        2 17.3
Abell 3111  48.65569 -45.30486  22492  53  6.22    17.2
Abell 3111  48.68494 -45.82872  23478  76  4.28    18.0
Abell 3111  48.68880 -45.73991  21470  59  4.91    17.7
Abell 3111  48.74683 -45.60194  22768  48  8.04    17.4
Abell 3111  48.77149 -45.24733  22341 111  2.90    16.9
Abell 3111  48.77729 -45.35603  23546  59  4.42    17.5
Abell 3111  48.78554 -45.23112  22157  47  4.49    16.7
Abell 3111  48.81176 -46.60129  10360  40  6.60    16.8
Abell 3111  48.81199 -45.72386  22201  47  6.16    17.6
Abell 3111  48.81886 -45.70908  22424 134        3 18.0
Abell 3111  48.82201 -46.24485  13797  53  3.70    16.6
Abell 3111  48.86568 -45.31569  23279 155        3 17.7
Abell 3111  48.91402 -45.37573  15006  39  7.19    16.6
Abell 3111  48.91937 -45.86189  24368  31  9.30    18.0
Abell 3111  48.92034 -46.57585  16381  57  4.61    17.2
Abell 3111  48.92662 -46.59825  47551  48  7.03    17.2
Abell 3111  48.94097 -45.96880  23184  40  6.98    17.8
Abell 3111  48.94464 -46.58748  24105  54  5.33    17.6
Abell 3111  48.95150 -45.91953  23533  59  3.64    18.0
Abell 3111  48.95195 -45.84636  18698  49        5 18.0
Abell 3111  48.95665 -45.93895  23659  39  8.14    17.4
Abell 3111  48.96288 -46.02954  23468  39  7.25    17.9
Abell 3111  48.97077 -45.71235  22890  37  8.19    17.2
Abell 3111  48.97496 -46.28748  13499  63  4.74    17.2
Abell 3111  48.98283 -45.92744  29148 111        4 17.9
Abell 3111  49.01521 -45.93861  23198  97  4.35    15.7
Abell 3111  49.04135 -45.91053  24621  64  5.48    16.1
Abell 3111  49.04149 -45.70725  23748  59  4.79    17.8
Abell 3111  49.09511 -45.88229  12427  81  2.40    16.4
Abell 3111  49.10384 -45.86172  22317  42  6.83    17.9
Abell 3111  49.11141 -45.80986  23156  40  8.17    16.4
Abell 3111  49.11531 -46.13736  35144  49  6.36    17.9
Abell 3111  49.12247 -46.00559  23130  80  3.62    16.8
Abell 3111  49.13181 -45.40444  19088 159        3 17.5
Abell 3111  49.16203 -46.61034  18923  84  4.60    17.4
Abell 3111  49.16669 -45.64921  77599  76  2.05    15.4
Abell 3111  49.17746 -45.22751  29047  66        5 16.6
Abell 3111  49.19074 -45.52677  22922  45  6.76    17.9
Abell 3111  49.19315 -46.57551  23990  49  5.56    17.3
Abell 3111  49.19915 -46.40952  13325 110        3 17.0
Abell 3111  49.20752 -46.00605  22196  31  8.61    17.0
Abell 3111  49.24383 -45.19691  19622  48  5.52    16.3
Abell 3111  49.24383 -45.32480  23344  59  4.64    17.3
Abell 3111  49.24497 -45.89266  22632  54  4.89    16.7
Abell 3111  49.30358 -45.44987  29354 103  4.15    17.4
Abell 3111  49.31671 -46.15083  44363  41  7.69    17.7
Abell 3111  49.34424 -45.20316  21839 178        3 17.0
Abell 3111  49.35295 -45.39332  35182  59  4.32    17.9
Abell 3111  49.35683 -45.82602  23448  62  4.03    17.7
Abell 3111  49.40751 -45.79227  35557 136        2 17.9
Abell 3111  49.41862 -46.10333  19972  49  7.16    17.3
Abell 3111  49.45231 -45.92245  29024  40  7.79    17.4
Abell 3111  49.47184 -45.26406  23171  58        4 17.5
Abell 3111  49.48194 -46.15576  22931  44  6.89    17.6
Abell 3111  49.55799 -45.27174  21091  60  4.43    16.9
Abell 3111  49.62803 -46.57121  13908  88        3 17.4
Abell 3111  49.64410 -45.43349  19047  28  9.88    16.3
Abell 3111  49.67096 -45.35425  18716  50  7.03    16.8
Abell 3111  49.67173 -45.58572  29146  54  5.54    18.0
Abell 3111  49.68350 -45.52150  21049  30        2 17.2
Abell 3111  49.70224 -45.37522  18570  48  5.76    17.1
Abell 3111  49.72966 -45.70599  18908  40  8.92    17.5
Abell 3111  49.74377 -45.99670  10128  77  2.19    17.9
Abell 3111  49.74856 -46.57717  21506  56  3.57    17.8
Abell 3111  49.75449 -45.83032  22541  42  7.56    16.8
Abell 3111  49.76774 -45.70828  21675  42  7.20    17.2
Abell 3111  49.77140 -46.03561  10224  28        5 17.0
Abell 3111  49.78627 -45.67562  20569  45  8.58    16.8
