Abell 3223  60.24525 -30.80322  19174  69  3.60    18.2
Abell 3223  60.29188 -30.24794  18539  20        3 18.3
Abell 3223  60.30817 -30.03400  17278  53  5.30    17.5
Abell 3223  60.30838 -30.26336  17941  26 10.60    16.9
Abell 3223  60.30979 -30.59708  18140  35  7.80    17.9
Abell 3223  60.32959 -30.25953  28747  28 11.60    17.4
Abell 3223  60.33417 -30.71270  44783  38  6.20    18.1
Abell 3223  60.33442 -30.87236  18190  25 11.00    17.9
Abell 3223  60.36750 -30.84742  18104  16 18.30    17.1
Abell 3223  60.41784 -30.98581  18010 -99        1 18.1
Abell 3223  60.44242 -30.44597  17883  22 13.40    16.5
Abell 3223  60.45925 -30.10400  29149  36  7.50    17.9
Abell 3223  60.47730 -30.89917  45712  40  8.20    18.3
Abell 3223  60.47938 -30.00861  18231  23 12.70    17.2
Abell 3223  60.48330 -30.19330  49404  79  3.10    18.3
Abell 3223  60.48504 -30.69533  56182  35  6.80    18.5
Abell 3223  60.48534 -30.22689  18334  18        3 18.0
Abell 3223  60.50463 -30.36431  17869  32  8.50    16.8
Abell 3223  60.51337 -30.06811  17402  46  5.20    18.3
Abell 3223  60.51687 -31.13950  32243  32  8.20    17.9
Abell 3223  60.55254 -30.12667  36560  47  5.90    18.5
Abell 3223  60.57658 -31.08581  45244  60  3.90    18.3
Abell 3223  60.57888 -30.92292  30345  27 10.40    17.4
Abell 3223  60.64330 -30.58783  20937  98  2.60    18.1
Abell 3223  60.64925 -30.19458  17164  37  7.50    18.3
Abell 3223  60.66333 -30.68806  19252  61  4.20    17.3
Abell 3223  60.67075 -30.21811  18219  34  8.30    18.3
Abell 3223  60.67492 -30.83333  30621 108  2.70    18.3
Abell 3223  60.67971 -30.02550  18056  87  2.60    18.2
Abell 3223  60.68304 -30.30761  17759  25 12.50    17.8
Abell 3223  60.69508 -31.17292  43210  29  9.70    17.9
Abell 3223  60.70888 -30.68492  18467  42  7.90    16.8
Abell 3223  60.73079 -30.40822  38874  30  9.10    18.1
Abell 3223  60.74125 -30.25008  17692  49  5.70    17.2
Abell 3223  60.74355 -30.03819  44867  53  3.60    18.4
Abell 3223  60.74396 -30.67767  18339  31  8.30    17.8
Abell 3223  60.74750 -30.34958  17833  22 15.00    17.6
Abell 3223  60.74812 -30.64539  17620  96  3.00    17.4
Abell 3223  60.77621 -30.40958  17411  34  7.80    18.3
Abell 3223  60.77929 -30.43419  17543  65  4.00    17.9
Abell 3223  60.79787 -30.36933  17682  30  8.60    18.3
Abell 3223  60.79809 -30.28561  17648  39  6.40    18.5
Abell 3223  60.80038 -30.46144  17561  64        3 18.1
Abell 3223  60.81409 -30.33008  17292  35  6.90    18.0
Abell 3223  60.81634 -30.15611  21340  39  6.80    18.3
Abell 3223  60.83679 -30.66417  18176  22 13.40    18.0
Abell 3223  60.83838 -31.00222  17783  37  7.10    17.9
Abell 3223  60.84096 -30.45400  17625  20 13.30    17.3
Abell 3223  60.84605 -30.50019  17511  56        3 18.2
Abell 3223  60.86279 -29.99878  17732  30  8.60    18.3
Abell 3223  60.86784 -30.14019  18013  56  4.30    18.3
Abell 3223  60.87596 -30.43703  17707  15        2 18.5
Abell 3223  60.89929 -30.13792  31480 113  3.30    18.5
Abell 3223  60.94692 -30.49094  17795  22 11.60    18.3
Abell 3223  60.94759 -30.66661  17905  18 16.60    17.2
Abell 3223  60.95034 -31.08361  19668  90  3.10    18.4
Abell 3223  60.95288 -30.43675  50433  29 10.00    18.2
Abell 3223  60.98746 -30.14558  36456  27 10.90    18.1
Abell 3223  60.98851 -30.31900  18355  25 10.60    18.4
Abell 3223  60.99858 -31.12981  49872  59  3.80    18.3
Abell 3223  61.02158 -30.54222  17799  48  5.90    16.7
Abell 3223  61.03241 -30.78639  36417 112  2.40    18.3
Abell 3223  61.04679 -31.31314  22503  78  4.00    18.1
Abell 3223  61.06350 -30.36683  48591  30  6.90    18.4
Abell 3223  61.08183 -30.59233  18247  16 18.30    17.4
Abell 3223  61.08818 -30.71317  18466 110  2.58    17.2
Abell 3223  61.10022 -30.94241  41979  47        6 18.0
Abell 3223  61.14246 -30.00011  33003  66  4.00    18.0
Abell 3223  61.15791 -30.02722  22575  81  3.60    18.4
Abell 3223  61.17298 -30.99730  18199  31  9.47    16.7
Abell 3223  61.17355 -31.06955  19753  64  4.35    17.3
Abell 3223  61.17527 -31.16598  21072  82        3 18.0
Abell 3223  61.17527 -31.47429  22334  57  4.51    18.2
Abell 3223  61.17585 -31.49325  22296  38  7.44    17.0
Abell 3223  61.20758 -29.97325  32143  55  4.70    17.9
Abell 3223  61.21708 -30.25706  29318  90  2.60    17.7
Abell 3223  61.26517 -31.09289  17530  36  7.20    18.4
Abell 3223  61.26523 -31.15320  22732  54  3.91    18.2
Abell 3223  61.28127 -30.78049  17773  47  6.27    17.3
Abell 3223  61.29101 -30.68556  21152  13        2 17.5
Abell 3223  61.29674 -30.88844  32835  45  6.06    18.3
Abell 3223  61.30591 -31.38703  17116  65  4.90    17.8
Abell 3223  61.30648 -31.04366  16451  99  2.39    18.1
Abell 3223  61.32252 -30.57698  18124  58  5.06    17.4
Abell 3223  61.32482 -31.38433  17260  33        3 17.2
Abell 3223  61.36149 -31.45126  21302  52  6.90    18.0
Abell 3223  61.37352 -31.46546  21086  12        4 18.3
Abell 3223  61.37466 -31.13939  17708  78  3.64    17.4
Abell 3223  61.37524 -30.79929  41346  60  3.65    18.0
Abell 3223  61.38097 -31.06846  40664 -99        1 18.3
Abell 3223  61.40159 -31.60435  21814  53  4.75    17.0
Abell 3223  61.40217 -30.77849  17674  53  5.14    18.2
Abell 3223  61.40471 -31.22489  57952  74  4.60    18.4
Abell 3223  61.40675 -31.67098  44865  34        2 18.3
Abell 3223  61.40733 -31.01976  41388  67  3.82    18.3
Abell 3223  61.41534 -31.42129  17881  65  3.89    17.5
Abell 3223  61.42165 -30.83235  17276  32  9.68    17.9
Abell 3223  61.42393 -30.63273  17724  59  3.45    17.2
Abell 3223  61.42393 -31.44111  -1402 260        2 17.8
Abell 3223  61.44743 -31.11940  16649  44  6.03    18.1
Abell 3223  61.44915 -30.81991  17593  91  2.48    18.0
Abell 3223  61.47225 -30.81022  18494  43  7.50    18.2
Abell 3223  61.47493 -30.86157  18727  45  6.64    17.5
Abell 3223  61.47894 -31.11476  16586  83        2 18.1
Abell 3223  61.47951 -31.24052  18419  97  2.33    17.8
Abell 3223  61.48352 -30.68561  28197 -99        1 18.3
Abell 3223  61.48500 -30.94559  21382  28  9.10    18.1
Abell 3223  61.48697 -30.81207  18409  30  9.22    16.4
Abell 3223  61.48868 -30.95874  20958  39  8.82    17.0
Abell 3223  61.49326 -30.89211   9039  65  1.84    17.1
Abell 3223  61.49957 -30.53074  41660  87  3.05    17.8
Abell 3223  61.50186 -30.92757  39983  45  4.09    18.2
Abell 3223  61.51045 -30.84925  17327  44  7.53    17.4
Abell 3223  61.51389 -30.71735  93022 101  2.78    18.2
Abell 3223  61.51504 -31.12341  16145  54  5.36    16.3
Abell 3223  61.51616 -31.10986  18256  52  4.40    17.9
Abell 3223  61.51791 -31.30893  31289 104  2.81    18.3
Abell 3223  61.52420 -30.95742   3255 104  2.20    17.3
Abell 3223  61.52420 -31.19039  18807  55  4.98    18.1
Abell 3223  61.52765 -30.45144  18075  40  8.98    17.5
Abell 3223  61.53563 -31.22233  19386  92  2.10    17.2
Abell 3223  61.54254 -31.18494  18124  33  9.17    16.6
Abell 3223  61.54426 -31.02200  18638  45  4.68    17.5
Abell 3223  61.54540 -31.15933  17997  34  8.68    17.5
Abell 3223  61.54791 -30.27011  40584 115        5 18.3
Abell 3223  61.55400 -31.14260  18725  44  7.57    17.9
Abell 3223  61.55629 -30.87343  31203  66  2.05    18.2
Abell 3223  61.55858 -30.92373  17830  82  3.52    18.3
Abell 3223  61.55915 -31.33603  17664  37  6.78    17.7
Abell 3223  61.55917 -30.50780  36002  64  3.60    18.4
Abell 3223  61.56087 -31.10324  17311  31  8.27    18.0
Abell 3223  61.56145 -30.85378  61730  94  2.48    18.3
Abell 3223  61.56374 -31.07568  17332  67  3.36    17.9
Abell 3223  61.56775 -31.12278  18066  26 11.52    17.2
Abell 3223  61.56804 -31.13292  16618 121        4 18.0
Abell 3223  61.56889 -31.18936  18726  44  5.52    17.1
Abell 3223  61.56889 -31.64509  17116  64  3.82    17.6
Abell 3223  61.56947 -31.15905  18919  55        3 17.4
Abell 3223  61.57405 -30.80737  18547  43  6.23    17.7
Abell 3223  61.57737 -31.06842  17198  46  5.60    18.1
Abell 3223  61.58237 -31.27083  40792  85  2.50    18.0
Abell 3223  61.58551 -30.92333  21092  72  3.20    17.9
Abell 3223  61.59353 -30.97461  16785  76  4.33    18.1
Abell 3223  61.59463 -30.91686  17939  53  3.20    18.1
Abell 3223  61.59926 -31.55130  10768  36  7.72    16.8
Abell 3223  61.61358 -31.24511  17565  39  6.02    18.3
Abell 3223  61.61530 -31.13470  16983  46  8.36    16.2
Abell 3223  61.62354 -31.03511  17933  39  6.70    18.4
Abell 3223  61.62905 -31.01953  17623  47  5.68    18.2
Abell 3223  61.63765 -31.12736  18833  46  7.19    16.5
Abell 3223  61.64223 -30.95370  17985  42 10.50    15.7
Abell 3223  61.64396 -30.94167  18741  27 12.10    16.2
Abell 3223  61.64452 -30.88598  18392  69  4.27    18.1
Abell 3223  61.64571 -31.20970   7423  36        2 18.4
Abell 3223  61.65999 -30.79155  18647  56  4.73    18.0
Abell 3223  61.67719 -30.85326  17437  48  6.28    18.0
Abell 3223  61.68291 -31.01226  18097  58  5.17    17.8
Abell 3223  61.69667 -30.93256  18458  70  4.15    18.1
Abell 3223  61.73276 -31.15761  17768  42        8 17.3
Abell 3223  61.74365 -30.83092  17277  63  4.80    17.7
Abell 3223  61.77000 -31.01134  18371  45  6.64    18.2
Abell 3223  61.78719 -30.49115  20770  99  2.62    18.3
Abell 3223  61.79471 -31.26872  21096  68  3.70    18.5
Abell 3223  61.79638 -30.20250  41061  39  8.10    18.0
Abell 3223  61.79693 -30.79213  17939  81  2.58    17.8
Abell 3223  61.80725 -30.83561  18357 -99        1 17.8
Abell 3223  61.80839 -31.56017  17226 128  2.67    17.6
Abell 3223  61.80938 -30.86389  54903  82  2.30    18.4
Abell 3223  61.84388 -30.97795  21289 269        2 18.5
Abell 3223  61.85022 -31.27839   7392  19        2 17.0
Abell 3223  61.87256 -30.59520  18275  35  8.58    16.7
Abell 3223  61.90046 -30.61339  18059  53  4.10    18.4
Abell 3223  61.91725 -30.80336  33042  57  5.13    18.0
Abell 3223  61.93158 -30.51160  20709 -99        1 17.7
Abell 3223  61.94246 -31.07746  17479  65  4.11    16.5
Abell 3223  61.94991 -30.72950  33115 107  2.07    17.2
Abell 3223  61.95049 -31.41258  16955  60  4.50    18.2
Abell 3223  61.96539 -31.09247  18115  76  3.40    16.8
Abell 3223  61.98830 -31.70914  40894  64  2.70    18.3
Abell 3223  62.00721 -31.06107  18375  37  7.90    17.3
Abell 3223  62.08055 -30.46600  52209  84  1.81    18.2
Abell 3223  62.09200 -30.60254   5775  51  2.41    18.1
Abell 3223  62.14988 -30.54484  18256  60  5.04    16.1
Abell 3223  62.19056 -31.13487  32988  49  3.92    18.3
Abell 3223  62.21290 -30.58248  18199  64  3.35    17.1
Abell 3223  62.21290 -30.61812  32160  47  5.25    17.5
Abell 3223  62.22379 -30.53687  18505  22        2 16.7
Abell 3223  62.26676 -30.64379  17702  60  3.89    17.1
Abell 3223  62.29541 -30.96350  21286  84  2.31    18.1
Abell 3223  62.30915 -31.13985  32020  55  2.96    18.2
Abell 3223  62.35098 -31.43831  30012  92  2.41    18.0
Abell 3223  62.36187 -30.85401  37403 159  2.34    17.6
Abell 3223  62.39109 -31.80002  22921  74  2.31    18.1
Abell 3223  62.41515 -31.58642   3373  76  2.54    18.3
Abell 3223  62.43521 -31.53955  55846  71  1.89    18.0
Abell 3223  62.43521 -31.66399  74585  95  2.33    17.4
