Abell 3141  52.62317 -28.09389  11053  36  7.19    17.8
Abell 3141  52.66883 -28.13045  30957  54  4.60    18.1
Abell 3141  52.67096 -27.87122  30686  32  8.26    17.7
Abell 3141  52.67250 -28.44100  44390  32  8.46    18.8
Abell 3141  52.68350 -28.74536  20656  73  3.75    18.7
Abell 3141  52.70275 -28.84270  19641  36  8.98    17.4
Abell 3141  52.71138 -27.97708  30671  36  7.63    18.5
Abell 3141  52.73779 -27.88886  38364  33  8.34    18.4
Abell 3141  52.75354 -28.50761  13123 106  3.06    18.3
Abell 3141  52.75737 -27.90944  64859  75  3.03    18.8
Abell 3141  52.77921 -28.37864  37901  29  9.64    18.5
Abell 3141  52.81283 -27.98680  38089  42  7.12    18.1
Abell 3141  52.81366 -27.96606  38060  27 12.04    17.7
Abell 3141  52.84671 -28.74125  44394  67  3.94    18.7
Abell 3141  52.87346 -27.93083  66048  67        2 18.4
Abell 3141  52.89871 -27.80217  30019  84  3.39    18.8
Abell 3141  52.90067 -27.68364  44038  67  3.73    18.4
Abell 3141  52.91813 -27.70767  30435  45  5.08    18.2
Abell 3141  52.96175 -27.81625  20183 108  2.02    18.4
Abell 3141  52.98933 -28.40506  17895  28 11.13    18.3
Abell 3141  53.03696 -27.87244  30719  50  4.47    18.5
Abell 3141  53.04250 -28.59886  30759  68  3.74    18.0
Abell 3141  53.05329 -27.58906  38047  56  4.58    17.6
Abell 3141  53.06133 -28.02311  25981  50  5.62    18.4
Abell 3141  53.07721 -27.74822  43522  51  4.84    18.3
Abell 3141  53.07946 -27.92489  37015  47  4.70    17.7
Abell 3141  53.09637 -28.73389  24717  94  3.01    18.5
Abell 3141  53.12267 -27.85197  25811  38  6.91    17.8
Abell 3141  53.15446 -28.94867  18044  70  2.80    18.3
Abell 3141  53.16850 -28.93880  12236  41  7.17    17.0
Abell 3141  53.18321 -28.36142  31139  43  6.57    18.2
Abell 3141  53.18517 -28.45900  44360  44  5.29    18.8
Abell 3141  53.19016 -27.70742  26498 100  2.80    18.0
Abell 3141  53.23246 -28.21467  25930  83  2.08    18.7
Abell 3141  53.25883 -28.90967  30613 101  3.18    18.3
Abell 3141  53.26792 -28.81569  20846 112        3 18.4
Abell 3141  53.27062 -28.92328  31026  47  7.67    18.3
Abell 3141  53.30062 -27.91742  25721 103  2.71    17.7
Abell 3141  53.30616 -27.78408  29781  32  8.76    17.8
Abell 3141  53.30875 -28.72900  30619  38  8.09    18.8
Abell 3141  53.31921 -28.74619  30868  27 10.58    17.8
Abell 3141  53.34192 -28.75042  30853  44  7.06    18.5
Abell 3141  53.36971 -28.78919  30833  81  3.22    18.8
Abell 3141  53.38529 -28.49056  30936 185        3 18.0
Abell 3141  53.39125 -27.80997  22188 102  3.06    18.0
Abell 3141  53.41417 -28.32247  18068  85  3.65    18.4
Abell 3141  53.43308 -27.98622  50522 395        2 18.7
Abell 3141  53.46233 -28.88375  31678  56  3.21    18.6
Abell 3141  53.47625 -27.82986  11039  30  8.82    17.0
Abell 3141  53.48500 -28.31072  31494  34  7.64    18.6
Abell 3141  53.50304 -28.91250  30554  49  4.07    18.5
Abell 3141  53.55275 -28.56250  31191  43  5.75    18.6
Abell 3141  53.56275 -28.24525  25721  63  4.93    18.8
Abell 3141  53.58587 -28.12989  26057  89        3 18.4
Abell 3141  53.58642 -28.41222  18013  24        4 18.3
Abell 3141  53.60529 -28.32514  30472  59  4.88    18.7
Abell 3141  53.61441 -28.27397  31489  47  6.36    18.5
Abell 3141  53.62096 -28.83842  38560  69  3.56    18.8
Abell 3141  53.62358 -27.67930  22002  97  2.57    18.1
Abell 3141  53.63379 -28.23953  44184  46  5.02    18.2
Abell 3141  53.64525 -28.45742  20288  58  4.46    17.8
Abell 3141  53.65762 -28.30339  30477  30  8.46    18.6
Abell 3141  53.66762 -28.20683  31412  34  7.74    18.8
Abell 3141  53.66808 -28.43336  23329  27 10.95    17.0
Abell 3141  53.67254 -28.25467  30800  43  5.87    18.7
Abell 3141  53.69162 -28.24261  31103  46  6.14    16.6
Abell 3141  53.70679 -28.41625  32161  56  5.28    17.9
Abell 3141  53.74600 -28.02858  31073  46  4.85    18.0
Abell 3141  53.75262 -27.99372  31005  47  4.04    17.8
Abell 3141  53.75488 -27.88475  31115  49  5.50    18.3
Abell 3141  53.77200 -28.19161  30389  43  7.92    16.9
Abell 3141  53.78025 -28.34222  17873  68        4 18.6
Abell 3141  53.78046 -27.60128  31352  31        2 18.7
Abell 3141  53.79350 -28.17264  31080  31 10.59    17.7
Abell 3141  53.79583 -28.15367  30944  26 11.09    18.3
Abell 3141  53.80737 -27.93950  34620  55  4.41    17.9
Abell 3141  53.88066 -27.66753  28557 113  2.43    17.9
Abell 3141  53.88171 -27.77361  34351  67  3.37    18.3
Abell 3141  53.91004 -28.52275  26651  70  3.60    18.7
Abell 3141  53.95033 -27.87267  32585  54  4.66    17.4
Abell 3141  53.97075 -27.72081  11483  79        2 18.7
Abell 3141  54.00666 -28.40003  31343  49  5.04    18.7
Abell 3141  54.06075 -28.02383  30458  33  8.82    18.0
Abell 3141  54.08337 -28.85064  31589  73  3.48    18.7
Abell 3141  54.08508 -28.34589  31250  30  9.74    18.7
Abell 3141  54.12896 -28.51214  26374  30  9.42    17.6
Abell 3141  54.13145 -27.82445  38962  48  5.56    17.8
Abell 3141  54.13662 -27.87553  30785  24 14.10    16.8
Abell 3141  54.15366 -28.74078  31963  59  3.66    18.2
Abell 3141  54.15554 -27.70000  20036  48  3.98    18.1
Abell 3141  54.16367 -28.18247  44081  54  5.21    18.6
Abell 3141  54.18766 -27.61320  43643  71  3.19    18.3
Abell 3141  54.19346 -27.65278  12408  42        3 17.7
Abell 3141  54.20441 -28.00044  20195  40  6.27    18.4
Abell 3141  54.20704 -28.75342  21049  26        2 18.6
Abell 3141  54.21354 -27.77608  12253  38        4 18.6
