Abell 3189  58.40667 -40.14820  18075  22 14.00    17.3
Abell 3189  58.41880 -40.03181   1495  70  3.81    17.2
Abell 3189  58.45033 -40.19553  24026  96        2 17.4
Abell 3189  58.48904 -39.91947  45923  38  8.73    18.1
Abell 3189  58.52225 -40.12991  17889  70        2 18.8
Abell 3189  58.52809 -40.16439  17045  32  9.01    18.8
Abell 3189  58.52929 -40.11483  18242  89  2.33    16.7
Abell 3189  58.55280 -39.81489  56413  44  4.96    18.7
Abell 3189  58.56300 -39.92920  25513  58  5.42    17.9
Abell 3189  58.58062 -39.37600  22949 -99        1 18.1
Abell 3189  58.58929 -39.74967  67925  75  4.52    18.8
Abell 3189  58.59300 -39.39764  23104 110        2 18.2
Abell 3189  58.60838 -39.45686  16005  23 13.51    18.5
Abell 3189  58.62183 -39.41717  45142  41  6.34    18.4
Abell 3189  58.62400 -39.74964  17813  21 13.98    18.4
Abell 3189  58.62446 -40.21897  16942  34  7.99    18.7
Abell 3189  58.62563 -40.19345  18123  23        2 18.8
Abell 3189  58.62854 -39.92425  23458  42  7.14    17.8
Abell 3189  58.64309 -39.89439  23221  33 10.86    18.7
Abell 3189  58.66500 -39.74439  46677  35  7.04    18.7
Abell 3189  58.67117 -39.63931  18160 124  2.62    18.7
Abell 3189  58.69529 -39.83567  22459  64  4.53    18.0
Abell 3189  58.69613 -39.72897  17712  67  3.86    18.8
Abell 3189  58.71679 -39.59344  18237  57  5.32    16.7
Abell 3189  58.78875 -39.78611  22196  58  3.00    18.8
Abell 3189  58.78983 -39.30722  46068   7        2 18.7
Abell 3189  58.80146 -39.56625  16997 -99        1 17.8
Abell 3189  58.80425 -39.54031  17830  30 10.58    16.7
Abell 3189  58.83554 -39.43664  28678  31 10.25    18.2
Abell 3189  58.84367 -40.08294  23341 151        2 18.2
Abell 3189  58.92446 -39.58233  18151  44  5.72    17.5
Abell 3189  58.93208 -39.52367  28591  73  2.58    17.8
Abell 3189  58.95042 -39.39317  18254 154        3 18.7
Abell 3189  58.97271 -39.43295  22991  62  4.31    18.8
Abell 3189  58.97604 -40.19250  37490 105  2.74    18.0
Abell 3189  58.97837 -39.65600  22376  34  8.64    18.7
Abell 3189  58.98129 -39.86686  14483  40        5 18.8
Abell 3189  58.98875 -39.75400  65079  60  3.87    18.3
Abell 3189  59.00567 -39.56472  18494  84  3.86    17.0
Abell 3189  59.01104 -39.86450  23939 106  2.73    18.8
Abell 3189  59.01258 -39.88792  17665 -99        1 18.2
Abell 3189  59.01287 -39.84361  22397  37  8.26    18.1
Abell 3189  59.02650 -39.71819  15593  56  4.04    16.7
Abell 3189  59.03109 -39.86653  23816  37  8.63    18.5
Abell 3189  59.04008 -39.42953  17399  59  4.55    16.1
Abell 3189  59.06404 -39.45509  46241  90  2.17    18.7
Abell 3189  59.07425 -40.25342  46631  55  5.60    18.5
Abell 3189  59.07438 -40.19447  18009  44  6.57    18.4
Abell 3189  59.08575 -39.75075  15739  56  4.00    17.6
Abell 3189  59.08937 -39.69017  18687  89  3.40    18.9
Abell 3189  59.09779 -39.80025  22436  78  4.29    17.3
Abell 3189  59.10162 -39.32358  26151  50  5.64    18.6
Abell 3189  59.13846 -39.47472  22976  34  6.92    18.6
Abell 3189  59.13863 -39.75767  22275  77  3.08    17.4
Abell 3189  59.14950 -40.08294  17931  53  4.20    17.2
Abell 3189  59.16212 -40.26464  16448  75  2.56    17.5
Abell 3189  59.16221 -39.66486  17001  80        3 18.2
Abell 3189  59.16346 -40.00719  18150  44        2 18.8
Abell 3189  59.16496 -39.85439  44822  52  6.24    18.5
Abell 3189  59.17529 -40.11339  18145  19 17.45    16.7
Abell 3189  59.18521 -40.16675  28810  35  8.89    18.7
Abell 3189  59.18746 -39.46492  22449  48  5.01    17.0
Abell 3189  59.19346 -39.69156  22621  57  3.26    17.9
Abell 3189  59.19679 -39.30980  54904  85  3.77    18.6
Abell 3189  59.24275 -40.23119  18475  17 17.15    17.8
Abell 3189  59.25209 -39.32278  28719  36  7.48    18.4
Abell 3189  59.26325 -40.07050  17476  84        2 18.0
Abell 3189  59.28367 -40.22064  17952  21 13.94    18.1
Abell 3189  59.30613 -39.96097  15850  20 15.19    17.8
Abell 3189  59.31483 -40.12747  18123  75  3.52    18.3
Abell 3189  59.33321 -40.16464  20362  77  3.67    18.1
Abell 3189  59.35804 -40.26325  18014  29 11.98    17.8
Abell 3189  59.45037 -39.52553  20037  34  6.80    18.0
Abell 3189  59.45250 -39.55564  17022  27        4 18.5
Abell 3189  59.45462 -39.56966  17224  62  4.80    16.6
Abell 3189  59.45475 -39.85097  17516  20 13.94    16.1
Abell 3189  59.47146 -40.26122  20481  76  3.67    18.7
Abell 3189  59.47458 -39.63964  17156  36        2 18.6
Abell 3189  59.51767 -39.40200  14288  17 16.93    17.8
Abell 3189  59.53121 -40.21595  15899  31 10.94    18.1
Abell 3189  59.55321 -39.30095  28753  34  9.43    18.8
Abell 3189  59.55588 -39.59522  43647 134        3 18.8
Abell 3189  59.58329 -40.22414  44839  45  5.36    18.5
Abell 3189  59.59988 -40.20700  44652  65  5.24    18.6
Abell 3189  59.60792 -39.32883  18071  85  3.56    18.6
