Abell 3152  54.30017 -32.58730  13264  30        4 18.1
Abell 3152  54.30063 -32.72609  13569  64  3.04    17.9
Abell 3152  54.32534 -32.31936  22398  89  2.55    18.2
Abell 3152  54.33013 -33.01883  28241  34  7.74    17.3
Abell 3152  54.35654 -33.19936  28548  91  2.61    17.6
Abell 3152  54.35804 -32.51875  38897  44  5.45    18.0
Abell 3152  54.40538 -32.24194  22308  35        4 18.2
Abell 3152  54.41417 -32.78008  38320  41  8.60    16.8
Abell 3152  54.41983 -32.98822  28589  98  3.20    17.8
Abell 3152  54.42367 -33.29514  21919  11        4 18.0
Abell 3152  54.43496 -32.59153  29334  53  4.47    16.9
Abell 3152  54.43692 -33.38311  17312  80  3.09    18.0
Abell 3152  54.43696 -32.79361  17871  35  8.17    17.7
Abell 3152  54.46100 -33.19683  28842  53  4.84    17.4
Abell 3152  54.48517 -32.30803  32468 122        4 18.0
Abell 3152  54.48696 -33.21450    866 165  2.19    16.6
Abell 3152  54.48725 -32.57458  13807  95  3.57    16.6
Abell 3152  54.49067 -32.28117  31377  70  3.77    16.2
Abell 3152  54.49900 -32.26464  31185  51  4.65    18.2
Abell 3152  54.51604 -32.63956  36340  41  6.84    17.3
Abell 3152  54.54346 -33.00906  39796 230        3 17.9
Abell 3152  54.54446 -32.73828  28658 127        3 17.8
Abell 3152  54.56175 -32.76181  31711  38  8.64    17.8
Abell 3152  54.58333 -32.09352  22863  19        3 18.1
Abell 3152  54.60300 -32.71036  28077  36  5.91    17.6
Abell 3152  54.60871 -32.76392  31591  40  9.27    17.3
Abell 3152  54.60937 -32.12636  30198 231        2 18.0
Abell 3152  54.62321 -32.17353  32546 210        2 18.3
Abell 3152  54.64483 -33.24814  21919  22 13.72    16.6
Abell 3152  54.66571 -33.22550  21783  94  2.69    17.6
Abell 3152  54.67767 -33.17517  22036 170        2 18.2
Abell 3152  54.69650 -32.67025  28045  42  5.24    17.4
Abell 3152  54.74146 -33.32700  42884  52  5.43    17.3
Abell 3152  54.78604 -32.77844  28413  36  8.36    17.7
Abell 3152  54.81038 -33.38567  50363  35  6.98    18.3
Abell 3152  54.81417 -33.29208  33512 122  2.96    18.2
Abell 3152  54.81921 -32.08728  38812  61  3.54    18.3
Abell 3152  54.82354 -33.41931  16573  26        4 17.7
Abell 3152  54.83562 -32.82725  27985  47  8.12    16.6
Abell 3152  54.85704 -33.41220  43088  52  4.80    18.1
Abell 3152  54.87671 -32.34586  22692  74        2 18.2
Abell 3152  54.99530 -32.91170  11785 118  3.06    16.8
Abell 3152  55.03983 -32.34200  39642  65  4.16    18.0
Abell 3152  55.10304 -32.58255  16973  51        2 17.4
Abell 3152  55.16196 -33.40903  42566  39  7.14    18.2
Abell 3152  55.25921 -32.75420  28804  66  3.37    17.2
Abell 3152  55.47075 -32.83944  29075  78  2.76    17.7
Abell 3152  55.52613 -32.84455  50089  52  4.93    16.8
Abell 3152  55.52700 -33.11447  46951  67  2.53    17.7
Abell 3152  55.63037 -33.19386  38551  43  4.65    18.0
Abell 3152  55.70642 -32.94647  22635  82  3.17    17.9
Abell 3152  55.72625 -32.89811  34927  77  4.17    16.9
Abell 3152  55.82746 -32.36822  22118  71  3.98    17.2
