Abell 3142  52.31337 -39.70534  21791  26 13.71    15.9
Abell 3142  53.08746 -39.71990  21697  43  6.43    17.8
Abell 3142  53.10091 -40.21682  34395  57        4 18.1
Abell 3142  53.10970 -39.65584  29913  40  7.72    17.5
Abell 3142  53.11142 -40.07141  30476  49  6.84    18.2
Abell 3142  53.12932 -40.23309  31184  48  5.87    17.7
Abell 3142  53.13746 -39.65825  18407  48  7.68    17.2
Abell 3142  53.13841 -40.26168  31621  30  7.81    17.8
Abell 3142  53.13847 -40.16113  31655  34  8.67    18.3
Abell 3142  53.14843 -40.33382  23943  50  5.42    16.3
Abell 3142  53.15085 -40.18858  31272  24 12.67    17.8
Abell 3142  53.15510 -39.56600  29790  37  8.39    18.2
Abell 3142  53.16925 -39.53351  17916  49  5.23    18.3
Abell 3142  53.18245 -39.67091  21937  57  4.24    17.8
Abell 3142  53.18664 -39.54331  44283  64  3.76    18.3
Abell 3142  53.19495 -40.25217  31953  39  7.78    18.1
Abell 3142  53.20625 -39.73428  18747  65  2.45    17.5
Abell 3142  53.22451 -39.50710  22542  96        5 17.9
Abell 3142  53.24662 -39.68162  18127  41  7.06    18.3
Abell 3142  53.25341 -39.58605  22708  85  3.45    17.2
Abell 3142  53.26433 -39.62215  18190  51  5.31    16.8
Abell 3142  53.28475 -40.36791  44329  77  3.47    18.1
Abell 3142  53.28823 -39.69830  21249  32  9.36    18.1
Abell 3142  53.29366 -39.56422  18377 129  2.43    18.5
Abell 3142  53.29490 -39.42488  18196  85  2.49    18.3
Abell 3142  53.30554 -39.67022  21402  49  5.80    18.5
Abell 3142  53.33138 -39.65337  37835  78  3.70    18.3
Abell 3142  53.33402 -39.49948  18004  61  4.55    18.3
Abell 3142  53.33986 -39.56136  18277  32  9.50    17.3
Abell 3142  53.34600 -39.89448  20038  58        4 17.9
Abell 3142  53.36032 -40.13380  30910  51  4.79    18.3
Abell 3142  53.36057 -40.26197  18135  40  6.79    18.0
Abell 3142  53.37753 -39.94318  30293  32  9.44    18.3
Abell 3142  53.40675 -39.67051  29827  37  8.05    16.7
Abell 3142  53.41328 -39.95871  30001  36  7.45    18.4
Abell 3142  53.41422 -39.72293  33658  85  3.46    18.5
Abell 3142  53.47621 -39.61923  33341 222        3 18.3
Abell 3142  53.48676 -39.94467  31667  40  9.04    18.1
Abell 3142  53.50309 -39.93504  29553  50  4.88    18.0
Abell 3142  53.50441 -40.34557  18093  92        4 18.0
Abell 3142  53.52222 -39.72815  30442  48  5.62    17.1
Abell 3142  53.53097 -40.07599  18628 176        4 18.1
Abell 3142  53.55445 -39.87471  20638  54  4.88    17.9
Abell 3142  53.56683 -40.15878  18635 102  2.95    17.0
Abell 3142  53.57889 -40.29904   3933  83  1.87    18.0
Abell 3142  53.60149 -39.79913  19895  28 10.03    16.4
Abell 3142  53.61913 -39.87144  20636  39  8.35    17.1
Abell 3142  53.63348 -39.88554  29863  37  7.26    18.2
Abell 3142  53.63923 -39.84188  20262  30 10.32    18.2
Abell 3142  53.65234 -40.01451  30778  42  8.27    17.9
Abell 3142  53.66913 -39.99950  30481  48  5.56    18.4
Abell 3142  53.68079 -39.81667  20365  79  3.47    17.6
Abell 3142  53.68393 -39.50223  29214  57  4.12    17.2
Abell 3142  53.68752 -39.83804  31041  29  9.41    18.0
Abell 3142  53.70356 -39.95825  20183  27 12.54    15.7
Abell 3142  53.70406 -39.86153  32140  44  6.50    18.1
Abell 3142  53.70603 -39.72287  21388  49  4.05    18.3
Abell 3142  53.71471 -39.90645  31377  34  7.99    18.4
Abell 3142  53.72847 -39.81970  30672 228        2 17.7
Abell 3142  53.72920 -39.84130  44534  71  3.36    18.4
Abell 3142  53.72984 -40.01222  40126  60  4.28    18.1
Abell 3142  53.73197 -39.96529  31167  35  9.83    16.3
Abell 3142  53.74144 -39.92501  29823  54  4.50    16.9
Abell 3142  53.74479 -39.71354  51595  87  2.20    18.3
Abell 3142  53.74685 -39.55007  39866  97  3.42    17.8
Abell 3142  53.75078 -39.69698  20046  63  2.98    18.4
Abell 3142  53.78768 -39.95160  20119  38  7.16    18.1
Abell 3142  53.79564 -40.09071  31210  34  9.13    18.3
Abell 3142  53.79716 -39.91986  18880  52        4 18.2
Abell 3142  53.80223 -39.66203  17894  81  3.68    18.4
Abell 3142  53.80849 -39.78178  58795  79        4 18.4
Abell 3142  53.80880 -39.93309  29745  30 10.42    17.9
Abell 3142  53.82140 -39.66816  16106  88  2.84    17.7
Abell 3142  53.82526 -39.95893  30347  43  8.48    17.5
Abell 3142  53.83393 -39.98478  31606  71  3.17    16.8
Abell 3142  53.85727 -39.71875  33871  27 11.87    17.8
Abell 3142  53.87407 -39.99216  28841  40  9.33    18.2
Abell 3142  53.88341 -39.52600  19466  49  4.88    17.5
Abell 3142  53.88638 -39.87408  19186  26 12.24    17.3
Abell 3142  53.89489 -39.99125  31228  27 11.68    18.2
Abell 3142  53.91276 -39.75341  32419  61  5.11    17.7
Abell 3142  53.92094 -40.16841  20116  61  3.91    17.9
Abell 3142  53.93500 -40.08641  32816  27  9.97    18.1
Abell 3142  53.93723 -39.77433  56368  64  3.70    18.3
Abell 3142  53.95704 -39.55001  51219  93  2.16    18.4
Abell 3142  53.98298 -39.91934  31850  34  9.46    18.2
Abell 3142  54.02162 -40.21756  19375  30 10.31    17.6
Abell 3142  54.03482 -39.65418  21990  31  9.84    17.4
Abell 3142  54.03782 -39.69606  19322  26 12.07    18.3
Abell 3142  54.04784 -39.98581  31843  36  6.81    18.0
Abell 3142  54.07033 -40.23195  44354  31  8.23    18.4
Abell 3142  54.09019 -39.54302  18975  30  9.91    18.0
Abell 3142  54.09739 -39.91883  12423  54  4.69    17.3
Abell 3142  54.10674 -39.46395  18899  68  4.63    16.6
Abell 3142  54.14809 -40.10682  30528  47  5.21    16.9
Abell 3142  54.14868 -40.23040  16211  22 13.79    16.9
Abell 3142  54.14953 -39.96145  31844  28 10.75    18.4
Abell 3142  54.17717 -39.80888  44179  83  3.14    17.9
Abell 3142  54.21527 -39.88095  31529  31  9.01    17.9
Abell 3142  54.24152 -39.79776  30574  21 13.06    16.6
Abell 3142  54.24369 -39.78103  30706  89  2.36    18.4
Abell 3142  54.25498 -39.75794  17804 113  3.14    17.9
Abell 3142  54.26495 -40.42085  44246  49  6.05    18.5
Abell 3142  54.28842 -40.16549  29917 135  2.52    18.2
Abell 3142  54.29773 -39.84039  19935  91  2.96    17.2
Abell 3142  54.29839 -40.19425  34892  49  6.09    18.5
Abell 3142  54.30498 -39.81908  31787  31 10.54    17.1
Abell 3142  54.35736 -40.09215  31376  33  8.60    18.4
Abell 3142  54.37355 -40.01423  30892  23 14.69    16.9
Abell 3142  54.37766 -40.03119  30989 123        2 17.7
