Abell 3764 319.94803 -34.34653  24882  48  6.64    17.1
Abell 3764 320.02295 -35.14070  14695  82  3.32    16.4
Abell 3764 320.04248 -34.68567  24112  57        3 18.1
Abell 3764 320.04431 -35.39750  13808  66        3 18.0
Abell 3764 320.05768 -34.60733  11325  81  4.18    17.1
Abell 3764 320.07013 -34.69656  23781  49  7.08    17.6
Abell 3764 320.07535 -34.95061  23855  67  3.98    18.3
Abell 3764 320.07776 -35.28366  13714  75        3 18.2
Abell 3764 320.07947 -34.89848  10401  21 15.51    16.0
Abell 3764 320.08237 -34.68664  23715  43  8.45    18.1
Abell 3764 320.08401 -34.65736  24494  56  4.59    18.1
Abell 3764 320.08926 -34.93989  12928  77  3.70    18.1
Abell 3764 320.10129 -34.66017  23719  53  4.93    18.1
Abell 3764 320.10478 -35.26916  15350  88  2.21    17.5
Abell 3764 320.16089 -34.38239  23757  52  5.63    17.5
Abell 3764 320.25506 -34.98452  12652  42  6.55    17.3
Abell 3764 320.28677 -35.56567  14125  47  5.78    17.0
Abell 3764 320.33426 -34.32367  12005  75  4.00    16.2
Abell 3764 320.38263 -35.15120  23225  26 11.08    17.6
Abell 3764 320.44238 -35.47195  23091  89        4 18.3
Abell 3764 320.44611 -34.77247  22227  29 10.91    16.9
Abell 3764 320.45107 -35.17067  25310  50  5.64    17.3
Abell 3764 320.46576 -34.43550  12037  21 15.81    16.3
Abell 3764 320.46861 -35.15852  25115  74  4.30    16.9
Abell 3764 320.48895 -34.67100  26927  53  4.91    18.1
Abell 3764 320.52063 -35.08331  25008  86  2.87    18.0
Abell 3764 320.55927 -35.37878  24741  71  3.51    18.4
Abell 3764 320.57663 -34.66422  22462  40  7.77    17.5
Abell 3764 320.60196 -34.53142  12509  57        2 18.3
Abell 3764 320.60764 -35.09875  23118  50  7.37    18.2
Abell 3764 320.62749 -34.82489  24381  86  3.13    17.6
Abell 3764 320.63077 -35.14500  23191  64  4.06    18.2
Abell 3764 320.65058 -34.88603  23746  79  3.65    17.9
Abell 3764 320.66673 -35.29283  23022  48  6.29    17.5
Abell 3764 320.67206 -34.93031  22166  48  7.07    18.5
Abell 3764 320.67665 -34.94768  22191  47  7.91    17.1
Abell 3764 320.68335 -35.18203  22922  33  9.11    18.0
Abell 3764 320.68409 -34.86603  23130  47  5.69    17.4
Abell 3764 320.68445 -34.94172  22462  35  8.67    18.1
Abell 3764 320.68701 -34.16245  14567 134        3 17.2
Abell 3764 320.69263 -34.77722  22005  52  6.41    17.6
Abell 3764 320.69699 -34.88574  23388  90  2.87    17.6
Abell 3764 320.70105 -34.94733  22614  66  2.71    17.9
Abell 3764 320.70736 -34.92418  33134  98  2.34    16.8
Abell 3764 320.74403 -35.16723  -8289  48  2.31    17.1
Abell 3764 320.75125 -35.22206  21840  88  3.73    18.2
Abell 3764 320.77246 -35.05583  23947  58  4.72    18.1
Abell 3764 320.77866 -35.49181  42833  39  7.23    18.3
Abell 3764 320.77909 -34.47092  22127  72        3 18.8
Abell 3764 320.78870 -34.35969  22246  41  6.77    16.9
Abell 3764 320.79071 -35.45470  22467  75  2.25    17.8
Abell 3764 320.79083 -35.53197  18655  17 19.20    16.6
Abell 3764 320.79117 -35.13659  22926  54  3.79    17.9
Abell 3764 320.79405 -35.18431  22675  27 10.93    17.8
Abell 3764 320.80460 -35.17153  22186  52  6.06    18.3
Abell 3764 320.80795 -35.15336  22338  34  8.95    18.0
Abell 3764 320.81161 -35.00147  23932  26 12.96    16.6
Abell 3764 320.82526 -34.95775  21385  26 11.63    18.2
Abell 3764 320.85896 -35.02577  22301  40  8.95    17.3
Abell 3764 320.88074 -35.31997  22644  34  8.76    18.4
Abell 3764 320.88147 -35.40897  42675  43  6.55    18.2
Abell 3764 320.88727 -34.92029  22247  53  7.36    17.5
Abell 3764 320.93619 -35.06450  31343  39  7.26    18.1
Abell 3764 320.95773 -34.35397  15545  82  2.21    17.7
Abell 3764 320.96765 -35.03837  21834  63  3.01    17.8
Abell 3764 320.99452 -35.26561  22851  49  5.91    17.7
Abell 3764 321.02063 -35.05119  31580  39  7.24    17.7
Abell 3764 321.02374 -35.04193  31682  47  5.77    17.6
Abell 3764 321.03162 -35.28933  22711  31 11.82    18.1
Abell 3764 321.03406 -34.58047  24926  58  3.59    17.7
Abell 3764 321.05066 -35.18986  22706  59  4.58    18.3
Abell 3764 321.07721 -35.56189  22833  36  8.92    17.7
Abell 3764 321.09888 -35.27386  22757  32  8.49    18.3
Abell 3764 321.13132 -34.36033  11978  45        4 17.7
Abell 3764 321.13669 -35.03080  22071  28 10.81    18.3
Abell 3764 321.17938 -35.22356  22537  80  3.75    18.2
Abell 3764 321.19437 -35.06330  22148  32  9.60    18.3
Abell 3764 321.25317 -35.52539  22350  81  2.35    18.1
Abell 3764 321.25836 -34.22705  10556  33 12.42    16.3
Abell 3764 321.33411 -35.17686  21886  96  2.53    17.6
Abell 3764 321.34503 -34.56831  10663  28        5 17.5
Abell 3764 321.39737 -34.21000  13591  51        5 17.7
Abell 3764 321.40158 -35.29053  22903  28 11.25    16.4
Abell 3764 321.44836 -34.52133  21591  79  3.45    17.0
Abell 3764 321.46274 -34.90311  17319  70        5 17.8
Abell 3764 321.48645 -35.27489  17329  32  9.38    18.3
Abell 3764 321.49799 -34.13395  14492  54  4.53    18.1
Abell 3764 321.52863 -35.41992  23440  34  9.56    17.2
Abell 3764 321.55725 -34.21589  11989  58        4 17.1
Abell 3764 321.55820 -34.94150  17388  76  2.47    17.7
Abell 3764 321.57352 -35.27230  31409  23 12.45    18.0
Abell 3764 321.61328 -34.64803  22289  92  3.83    17.8
Abell 3764 321.62415 -34.85519  33129  77  4.37    18.2
Abell 3764 321.65091 -35.08003  39099  10        2 18.2
Abell 3764 321.67255 -34.85897  22552  57  5.42    18.3
Abell 3764 321.68698 -34.41592  17530  31  8.60    17.1
