Abell 3809 324.79309 -43.87355  20942 149  2.26    18.1
Abell 3809 324.93161 -44.78106  18710 221        4 18.1
Abell 3809 324.93671 -44.52494  19808  29        5 18.1
Abell 3809 324.99750 -44.56328  19608  93  3.62    17.1
Abell 3809 325.00546 -44.52444  19871 106  3.80    17.3
Abell 3809 325.07004 -44.57175  17135  90  3.03    17.8
Abell 3809 325.12775 -43.70631  33148  54  4.33    17.5
Abell 3809 325.18497 -44.23836  10377  57        4 18.0
Abell 3809 325.21857 -43.49322  16631  79  3.33    17.9
Abell 3809 325.21945 -43.72878  33539  73  2.87    17.7
Abell 3809 325.23401 -43.55397  16501  23 13.51    16.8
Abell 3809 325.24149 -43.50464  16425  53  5.28    17.8
Abell 3809 325.26514 -43.50470  16819  98  3.47    17.1
Abell 3809 325.29913 -44.44584  41950  65  3.83    17.7
Abell 3809 325.51990 -43.84616  33558  71  3.22    18.0
Abell 3809 325.52411 -44.26905  21661 114  2.35    17.8
Abell 3809 325.56619 -43.75072  21085  59  4.61    17.6
Abell 3809 325.58099 -43.78892  33463  83  3.87    18.0
Abell 3809 325.58673 -44.57508  21107  30        2 17.8
Abell 3809 325.60016 -44.25022  19056  31 10.35    17.6
Abell 3809 325.63815 -43.86319  21011  74  3.03    17.6
Abell 3809 325.63815 -44.54678  21446  82  4.61    17.6
Abell 3809 325.64099 -44.17561  19659  39  7.41    18.0
Abell 3809 325.64233 -44.25945  19063  37        3 17.7
Abell 3809 325.66089 -43.96614  18789  29 12.59    16.6
Abell 3809 325.66785 -44.08416  41806  54  6.48    17.5
Abell 3809 325.67151 -44.29228  18899  30 10.61    17.6
Abell 3809 325.67877 -44.12572  19279  27 12.51    16.4
Abell 3809 325.69067 -44.77758  41977  73  3.82    18.1
Abell 3809 325.69894 -44.19739  18194  15        3 18.1
Abell 3809 325.70908 -44.52650  16515  23        3 17.9
Abell 3809 325.72031 -43.51058  21077  32 11.14    17.2
Abell 3809 325.76920 -44.15489  18044  29  9.66    17.9
Abell 3809 325.81778 -44.45280  18774  49  5.52    18.1
Abell 3809 325.82178 -44.11177  19141  50  6.41    18.1
Abell 3809 325.85364 -44.00431  18677  49  7.85    18.2
Abell 3809 325.88907 -44.17495  26624 129  2.44    18.1
Abell 3809 325.89297 -44.24014  19161  31  8.72    17.1
Abell 3809 325.89490 -44.13356  20222  55  6.27    17.7
Abell 3809 325.92511 -44.74961  21868  56  5.66    17.9
Abell 3809 325.94031 -44.35094  17790  58  6.11    18.1
Abell 3809 325.94110 -43.91361  19174  45  6.18    18.1
Abell 3809 325.95642 -44.13053  18597  41  7.12    16.0
Abell 3809 325.96686 -44.00197  32672 154        3 18.1
Abell 3809 325.97385 -44.33289  18267  44  6.06    17.9
Abell 3809 326.00632 -44.65358  17877  73        3 17.7
Abell 3809 326.03683 -44.14736  17542  28 10.42    17.7
Abell 3809 326.05576 -44.16747  17878  38  8.74    18.0
Abell 3809 326.10645 -44.12972  18526  22 14.23    18.0
Abell 3809 326.11459 -44.07958  18293  56  4.73    17.3
Abell 3809 326.12820 -44.36722  18390  35  9.42    16.4
Abell 3809 326.13846 -44.22714  18780  38  7.84    18.0
Abell 3809 326.14612 -44.11850  33423 101  3.11    17.7
Abell 3809 326.14621 -44.28436  18053  74  3.78    18.1
Abell 3809 326.16501 -44.33386  19744  53        2 18.1
Abell 3809 326.17047 -44.11797  19150  41  9.73    16.1
Abell 3809 326.17825 -44.66998  19031  37  9.19    17.7
Abell 3809 326.18091 -43.84961  18733  96  3.59    18.1
Abell 3809 326.19150 -43.79975  18534  74  4.11    17.7
Abell 3809 326.21680 -44.24472  19209  51  5.24    17.7
Abell 3809 326.23065 -44.39439  18629  49  6.27    17.1
Abell 3809 326.25604 -44.88575   8150  96  2.14    17.4
Abell 3809 326.30963 -44.34722  18732  23 13.64    17.3
Abell 3809 326.32315 -44.28305  19337  49  4.94    17.2
Abell 3809 326.33591 -44.32550  18383  29 10.10    17.0
Abell 3809 326.41992 -44.69209  32251  32  8.10    18.1
Abell 3809 326.42850 -44.30397  18469  23 11.66    17.0
Abell 3809 326.43378 -44.65553  18892  31  9.70    18.1
Abell 3809 326.43427 -44.47311  19733  44  7.95    16.5
Abell 3809 326.48621 -44.21739  18249  42  7.12    16.7
Abell 3809 326.49231 -44.68928  18474  57  3.93    18.0
Abell 3809 326.53406 -44.06772    -57  34  8.58    17.5
Abell 3809 326.53860 -44.42286  18816  46  6.12    18.1
Abell 3809 326.60681 -43.92650  17023  60  3.60    17.4
Abell 3809 326.61780 -44.32114  41775  38  7.06    17.9
Abell 3809 326.65192 -44.95828  22163  90  3.76    17.5
Abell 3809 326.65820 -43.97536  18462  51  4.71    17.6
Abell 3809 326.65976 -43.96361  20187  30  9.84    17.7
Abell 3809 326.69662 -43.68544  19345  59  3.37    18.0
Abell 3809 326.71432 -43.90720  32889  50  5.65    18.1
Abell 3809 326.73914 -44.03639  18735 122        2 17.6
Abell 3809 326.74661 -43.98953  19039  50        3 17.5
Abell 3809 326.74829 -43.94811  19124  88  3.13    17.1
Abell 3809 326.76157 -44.02031  15520  89  4.34    17.6
