Abell 3153  53.96263 -34.79995  36723  43  5.67    17.8
Abell 3153  53.97729 -34.65150  36849  26 13.35    16.7
Abell 3153  53.99692 -34.94678  35560  28 10.40    18.0
Abell 3153  54.02913 -33.85539  34529  80  4.39    18.1
Abell 3153  54.05329 -34.68119   1148  46  6.63    15.7
Abell 3153  54.06146 -33.84225  19402  90  3.86    17.4
Abell 3153  54.06425 -34.90203  26524  29  8.32    17.6
Abell 3153  54.06987 -33.80836  15963  46  7.37    16.9
Abell 3153  54.07125 -35.17089  35464  74  2.45    18.0
Abell 3153  54.13729 -34.51750  33261  67  3.38    17.7
Abell 3153  54.16983 -34.59280  26667  84  2.55    18.0
Abell 3153  54.19137 -33.98150  16258  80  4.12    18.2
Abell 3153  54.19742 -34.02611  51204  73  2.63    18.2
Abell 3153  54.21304 -34.53130  19030  76  3.30    17.7
Abell 3153  54.21362 -34.63483  37086  65  5.22    17.6
Abell 3153  54.22654 -34.74208  34536  91  1.86    18.0
Abell 3153  54.24646 -34.20570  26915  22 14.16    17.8
Abell 3153  54.25608 -33.95039  21969  27 10.65    17.7
Abell 3153  54.31163 -33.88403  15798  18 16.09    17.5
Abell 3153  54.31580 -34.28164  16058  92  4.06    16.7
Abell 3153  54.37296 -34.48367  37057  33  9.53    17.4
Abell 3153  54.37825 -35.02661  47429  57  5.20    16.8
Abell 3153  54.37842 -34.76014  19101  38  7.95    18.1
Abell 3153  54.37900 -35.03542  26926  45  5.49    17.8
Abell 3153  54.42630 -35.09256  27011 107  2.98    18.1
Abell 3153  54.43637 -34.03856  16418  47  6.25    16.1
Abell 3153  54.44867 -34.96867  47681  46  7.29    17.9
Abell 3153  54.45296 -34.26545  40322  57  5.78    18.1
Abell 3153  54.48867 -33.94944  31489  78  3.50    18.1
Abell 3153  54.49354 -33.91825  34057  57  3.58    18.0
Abell 3153  54.50996 -34.15528  27433  84  2.75    17.5
Abell 3153  54.52300 -34.91945   1025  51  4.12    17.1
Abell 3153  54.58071 -34.25494  47914  38  8.21    18.2
Abell 3153  54.62392 -34.25939  34585  61  2.52    18.2
Abell 3153  54.65258 -34.64822  40604  62  2.74    17.5
Abell 3153  54.65629 -34.87856  49933  65  3.06    17.9
Abell 3153  54.66300 -34.60966  40955  42  6.40    18.2
Abell 3153  54.69192 -34.09103  16145  59  6.21    16.0
Abell 3153  54.71125 -34.52631  41014  52  6.74    17.6
Abell 3153  54.73713 -34.58480  52872  31  6.95    17.3
Abell 3153  54.78004 -34.50264  37937  29 10.01    17.4
Abell 3153  54.78167 -34.72181  28669  56  4.36    17.8
Abell 3153  54.79183 -35.00119  33413  40  5.21    17.6
Abell 3153  54.79650 -34.38047  36559  40  6.60    17.5
Abell 3153  54.79817 -34.48417  37356  33 10.11    17.6
Abell 3153  54.91421 -33.84241  21796  29  9.55    16.9
Abell 3153  54.94387 -34.28339  19167  44  4.46    16.5
Abell 3153  54.94738 -34.65428  37444  39  8.15    17.1
Abell 3153  54.97129 -34.39406  36864  26  9.19    17.6
Abell 3153  54.98967 -35.09592  19211  81  3.67    18.2
Abell 3153  55.07054 -34.97469  36162  50  4.81    18.2
Abell 3153  55.08662 -34.69064   1958  90  4.02    17.8
Abell 3153  55.12663 -34.02958   2294  78  3.78    16.4
Abell 3153  55.12896 -33.79458  35784  39  5.49    17.6
Abell 3153  55.17612 -35.09969  38213  74  3.30    18.0
Abell 3153  55.19659 -34.98656  36949  58  4.52    17.4
Abell 3153  55.20350 -33.94042  35734  28  9.69    18.2
Abell 3153  55.23917 -34.35858  16224  29  8.86    16.9
Abell 3153  55.24512 -34.95594  19062  26 11.52    17.4
Abell 3153  55.24617 -34.72869  37422  67  4.19    17.7
Abell 3153  55.24900 -34.43892  36769  34  9.57    18.2
Abell 3153  55.27392 -33.90973  27841  29  9.82    18.2
Abell 3153  55.27529 -34.44267  23102  77  3.66    18.2
Abell 3153  55.29729 -34.53436  37437  60  4.08    17.6
Abell 3153  55.30033 -34.55611  38323  39  7.05    17.1
Abell 3153  55.32950 -34.71619  37379  45  6.12    17.2
Abell 3153  55.33175 -34.74558  37391  34  9.91    17.2
Abell 3153  55.36575 -34.97231  19141  92  1.77    17.9
Abell 3153  55.38509 -33.80067  27438  34  7.63    17.1
Abell 3153  55.38529 -34.01658  27469  57  4.48    17.6
Abell 3153  55.39959 -34.57594  49951  30  8.46    18.1
Abell 3153  55.46292 -34.07208  52373  29 10.07    17.8
Abell 3153  55.50891 -34.56750  56206  39  5.30    18.2
