Abell 2915  21.02960 -29.34776  29071  11        2 18.4
Abell 2915  21.03305 -29.03996  55452  55  5.26    18.4
Abell 2915  21.04102 -29.10459  55916  42  6.21    18.5
Abell 2915  21.06885 -29.73542  29421  42  6.53    18.3
Abell 2915  21.08370 -28.68055   9470  22 12.02    16.3
Abell 2915  21.14250 -29.45473  10153  60  3.11    16.5
Abell 2915  21.17006 -28.99602  21693  49  4.03    17.7
Abell 2915  21.17056 -29.43874   2974  71  3.03    18.5
Abell 2915  21.19323 -29.07434  55788  80  4.15    18.3
Abell 2915  21.22600 -29.38500  29082  86  2.94    18.1
Abell 2915  21.23677 -29.81282  27656  39  6.86    17.4
Abell 2915  21.23986 -29.43433  29242  89  2.65    18.3
Abell 2915  21.25284 -28.99384  11491  29  8.78    15.5
Abell 2915  21.26807 -28.62039  10043  42  6.51    15.8
Abell 2915  21.30279 -29.48229  29058  53  6.58    18.5
Abell 2915  21.31018 -28.60331  26002  80  2.09    17.7
Abell 2915  21.31187 -29.84577  28567  33  9.83    17.0
Abell 2915  21.35644 -29.00232  22108 259        2 17.9
Abell 2915  21.35644 -29.50383  28783 191        2 18.4
Abell 2915  21.35667 -29.05114  21567 -99        1 18.5
Abell 2915  21.39157 -29.42029  39709  35  8.28    18.1
Abell 2915  21.39418 -29.76768  25872  27 10.34    17.4
Abell 2915  21.40379 -29.23362  37165  35  8.25    18.4
Abell 2915  21.40480 -29.40700  29965  70  4.18    17.8
Abell 2915  21.41417 -29.34581   1537  56  3.61    15.7
Abell 2915  21.43308 -29.20847  29476  32  9.66    17.1
Abell 2915  21.43672 -29.24995   2313  84  3.01    17.9
Abell 2915  21.44931 -28.83141  32545  33  8.63    17.1
Abell 2915  21.47395 -29.43307  29671 139        4 17.8
Abell 2915  21.48479 -29.45289  25740  49  5.45    18.3
Abell 2915  21.49147 -29.21374  37058  30  8.28    17.3
Abell 2915  21.49287 -29.04082  20730 284        5 17.1
Abell 2915  21.50056 -29.07509  25579 127  2.46    18.4
Abell 2915  21.50558 -29.44951  29425 -99        1 18.5
Abell 2915  21.50734 -29.11250  25806  71  3.58    18.3
Abell 2915  21.52705 -29.02570   9296  46        6 17.5
Abell 2915  21.52782 -29.61407  18213 -99        1 18.3
Abell 2915  21.56063 -29.26748  26946  82  3.02    18.3
Abell 2915  21.60348 -29.33572  25359  58  6.10    18.5
Abell 2915  21.60784 -29.28055  25676  29  9.35    18.5
Abell 2915  21.60937 -29.90564  28410  40  7.31    16.8
Abell 2915  21.61315 -29.74751  50071  78  2.54    18.4
Abell 2915  21.61559 -29.26450  26454  66  4.02    18.3
Abell 2915  21.61972 -29.18830  25685  87  3.74    16.6
Abell 2915  21.64706 -29.74356  21010  76  2.96    18.5
Abell 2915  21.65503 -29.27001  25900  38  7.37    17.3
Abell 2915  21.66582 -29.84382  27830  41  7.06    17.0
Abell 2915  21.68462 -29.29642  25515  40  6.78    17.6
Abell 2915  21.70981 -29.86055  28077  37  7.60    18.3
Abell 2915  21.71415 -29.27476  21428 -99        1 16.6
Abell 2915  21.73986 -29.25769  29914  91  2.23    18.5
Abell 2915  21.76523 -28.89191  31045  50  5.20    17.0
Abell 2915  21.82415 -29.18893   5215  65  2.26    16.9
Abell 2915  21.82487 -29.50412  32355  33  8.24    18.4
Abell 2915  21.83369 -29.10293  37086  37  6.99    17.3
Abell 2915  21.83382 -28.84075  26823  29 10.15    18.1
Abell 2915  21.83545 -29.72774  21104  46  6.45    17.2
Abell 2915  21.85070 -29.71622  34877 134        2 18.1
Abell 2915  21.86488 -29.63429  22073  27  9.15    17.1
Abell 2915  21.86778 -29.80085  28043  36  8.18    17.2
Abell 2915  21.87349 -29.46601  27670  40  6.39    16.6
Abell 2915  21.90086 -29.40855  25831  69  2.58    17.3
Abell 2915  21.90093 -29.75782  39357  52  5.59    18.2
Abell 2915  21.90824 -28.73131  67434 205        2 17.4
Abell 2915  21.93072 -28.77864  26705  41  5.75    18.5
Abell 2915  21.93810 -28.82138  27297  66  2.53    18.4
Abell 2915  21.94640 -28.89094  26102  62  4.38    18.4
Abell 2915  21.96515 -29.10780  20989  79  2.83    17.3
Abell 2915  21.97846 -28.78809  26236  56  4.81    18.5
Abell 2915  22.00201 -28.95419  20977 107        3 18.2
Abell 2915  22.01670 -29.81833  17491  35  7.65    16.5
Abell 2915  22.01966 -28.82362  26194  55  5.69    18.4
Abell 2915  22.02640 -28.72490  21083  31  8.86    16.6
Abell 2915  22.04445 -28.97499  21357  83  3.97    15.9
Abell 2915  22.08127 -28.67843  31987  88  2.77    17.8
Abell 2915  22.09894 -29.21414  38567  67  2.56    18.4
Abell 2915  22.12483 -29.10803  25666  48  7.24    18.2
Abell 2915  22.14424 -29.19386   6478  30        5 18.5
Abell 2915  22.15377 -29.71989  34346  53  5.15    18.5
Abell 2915  22.17534 -29.07062  25630  31 10.43    17.0
Abell 2915  22.18602 -29.54010  34834  53  5.49    18.5
Abell 2915  22.19143 -29.31796  30120  87  3.18    18.0
Abell 2915  22.20518 -29.54606  45042  67  3.24    18.5
Abell 2915  22.20641 -28.61764  32607  84  2.58    18.2
Abell 2915  22.21259 -28.84957  31399  43  7.72    18.0
Abell 2915  22.22077 -29.37411  46761  38  7.44    17.9
Abell 2915  22.24366 -29.22400  16546  83  2.20    18.4
Abell 2915  22.24954 -28.85157  25788 104        3 18.4
Abell 2915  22.25216 -29.32209   5806  41  6.60    15.9
Abell 2915  22.26662 -28.82270  30676  66  3.71    18.3
Abell 2915  22.27448 -28.91426  30692  85  2.75    17.6
Abell 2915  22.34101 -29.82933  51750 -99        1 18.4
Abell 2915  22.37331 -29.43267  20604  41  6.85    18.2
Abell 2915  22.38210 -29.83322  31214 114  2.49    18.2
Abell 2915  22.40088 -29.03991  29993  35  7.70    18.2
Abell 2915  22.40430 -29.60530  62852  56  2.76    17.8
Abell 2915  22.43005 -29.36878  32227  40  8.07    18.0
Abell 2915  22.43253 -28.96725  30683  50  3.84    18.4
Abell 2915  22.47048 -29.46000  28700  73  2.37    17.9
Abell 2915  22.47772 -29.29138  35927  58  3.73    18.2
Abell 2915  22.47979 -29.15937  30050  74  3.74    18.0
Abell 2915  22.49684 -29.06523  29994  85  2.84    18.3
Abell 2915  22.50278 -29.03962  24104 211  1.57    16.0
Abell 2915  22.51184 -29.85734  25571  37  8.05    17.4
