Abell 3188  58.35913 -27.13106  19110  54  5.94    17.8
Abell 3188  58.37405 -26.96258  21133  86  3.02    18.0
Abell 3188  58.43438 -26.92242   2776  66        3 18.6
Abell 3188  58.45396 -27.18847  33797 -99        1 18.6
Abell 3188  58.52983 -27.30097  19036  41  7.42    17.0
Abell 3188  58.65958 -27.55630  18994  98        3 18.4
Abell 3188  58.67012 -27.53197  19419  31  9.36    17.4
Abell 3188  58.67542 -27.51547  19361  59  5.84    17.7
Abell 3188  58.68158 -27.03267  27705  51  4.38    18.3
Abell 3188  58.71012 -27.63672  14796 108        2 17.0
Abell 3188  58.71075 -27.28628  32654  51  6.24    16.5
Abell 3188  58.71900 -27.19978  24403  62  3.42    18.1
Abell 3188  58.72875 -27.48547  25698  50  6.81    18.5
Abell 3188  58.75050 -27.27575  18839  28  9.82    17.6
Abell 3188  58.75229 -27.34369  19172  35  9.19    17.3
Abell 3188  58.75675 -27.36006  19530  14        2 18.5
Abell 3188  58.75783 -27.40753  20150  10        2 17.9
Abell 3188  58.82138 -26.72314  50614  25        2 18.5
Abell 3188  58.83092 -27.26511  19354  31 11.85    17.8
Abell 3188  58.83096 -27.12669  19648  51  4.38    16.9
Abell 3188  58.84338 -27.14925  17588  28 12.26    17.8
Abell 3188  58.86304 -26.87161  32039 240        2 18.4
Abell 3188  58.89133 -27.15861  51224  54  5.16    18.7
Abell 3188  58.89221 -27.32108  19011  57  4.46    17.9
Abell 3188  58.91587 -27.29778  21517  58        3 18.3
Abell 3188  58.92533 -27.16469  25171  44  5.69    16.4
Abell 3188  58.93463 -27.42492  21114 152        2 18.6
Abell 3188  58.93725 -27.26042  19298  63  3.43    18.1
Abell 3188  58.94200 -27.31511  19295  67        2 18.6
Abell 3188  58.94350 -26.99364  17948  83  4.30    16.6
Abell 3188  59.00554 -27.25028  48849  66  3.87    17.8
Abell 3188  59.00771 -27.10995  21641 268        3 18.6
Abell 3188  59.01796 -27.37569  21335  28  9.20    17.0
Abell 3188  59.02083 -27.13250  61266  74  4.54    18.4
Abell 3188  59.02504 -27.57683  18092  60  4.54    17.1
Abell 3188  59.17054 -27.10567  32123  92  2.68    17.8
Abell 3188  59.25008 -27.54489  44944  56  5.17    18.6
Abell 3188  59.25900 -27.51222  19763  75        2 17.6
Abell 3188  59.27821 -27.20467  18779  39        2 18.2
Abell 3188  59.31188 -27.22750  18927  50  5.21    16.9
Abell 3188  59.31367 -27.62292  18882  21        2 18.6
Abell 3188  59.32213 -27.21403  18913 155        2 18.2
Abell 3188  59.36125 -27.27633  21561  73  3.45    17.0
Abell 3188  59.37717 -27.57300  18789 102        2 18.6
Abell 3188  59.39529 -26.99472  21220 -99        1 18.6
Abell 3188  59.41488 -27.17883  19495  60  2.88    17.6
