Abell 3122  49.28279 -41.78636  34520 153        2 18.1
Abell 3122  49.31237 -41.94675  19509 115  2.69    17.2
Abell 3122  49.34625 -41.47156  38039  88  2.87    17.7
Abell 3122  49.35258 -41.76855  19714  51  3.94    17.1
Abell 3122  49.37387 -41.77575  19323  37  9.48    16.5
Abell 3122  49.47925 -41.28717  35027  42  6.49    17.1
Abell 3122  49.49192 -41.48608  37892  44  3.84    18.0
Abell 3122  49.53037 -40.92411  16780  42  7.63    15.8
Abell 3122  49.56458 -42.08041  24343  59  6.16    18.3
Abell 3122  49.58021 -41.35033  34925  33        3 18.1
Abell 3122  49.58533 -41.01986  37726 222        2 18.1
Abell 3122  49.63633 -41.07195  16990  31        2 17.7
Abell 3122  49.64508 -41.42628  35191  44  5.37    18.1
Abell 3122  49.64675 -41.38033  34279  63  2.59    17.8
Abell 3122  49.65146 -41.91428  18841  56  5.42    17.2
Abell 3122  49.69625 -41.38625  17307 111        4 16.7
Abell 3122  49.70200 -42.12258  19732 122  2.89    18.2
Abell 3122  49.74675 -41.61897  19571  35  7.64    17.6
Abell 3122  49.78291 -41.30583  18875  26 10.36    17.7
Abell 3122  49.79646 -41.18042  37956  37  7.47    17.8
Abell 3122  49.80613 -41.04928  37825  68  3.27    18.2
Abell 3122  49.81050 -41.94419  18831  27  9.54    18.1
Abell 3122  49.82716 -41.90153  18388  35  7.51    17.2
Abell 3122  49.85641 -42.04711  18891  26 12.20    16.5
Abell 3122  49.87029 -41.35578  18045  34  8.31    16.7
Abell 3122  49.87983 -41.55922  35520  43  5.90    17.7
Abell 3122  49.88308 -41.40945  19262  55  6.57    16.8
Abell 3122  49.89471 -41.87736  18671  36  7.98    18.1
Abell 3122  49.91825 -42.21717  19016  31  7.50    18.0
Abell 3122  49.94971 -40.97547  38016  97        4 17.9
Abell 3122  49.95300 -41.51650  18755  77  2.24    18.0
Abell 3122  49.95341 -41.53397  18965  41  6.82    17.2
Abell 3122  49.96521 -41.46894  18442  38  7.19    17.0
Abell 3122  49.99446 -41.28097  18140  90  2.87    18.3
Abell 3122  49.99583 -41.40636  18733 124        2 18.2
Abell 3122  50.00296 -42.05878  44883  44  7.66    17.9
Abell 3122  50.02158 -41.87761  20529  85  4.18    17.5
Abell 3122  50.03075 -41.51558  18713  80  3.51    18.0
Abell 3122  50.04250 -41.92736  19621  31  8.36    17.9
Abell 3122  50.04850 -40.89731  38152  59  5.22    18.2
Abell 3122  50.06054 -41.47833  17673  33  9.17    17.4
Abell 3122  50.09237 -41.47989  20348  46  7.22    18.3
Abell 3122  50.10283 -41.97700  19286  28 11.36    17.7
Abell 3122  50.10333 -41.45142  18791  31  9.51    17.5
Abell 3122  50.12183 -41.59183  21062  31  9.94    17.6
Abell 3122  50.12425 -41.50667  20100  41  8.36    16.3
Abell 3122  50.12812 -41.52536  19021  49  5.39    18.1
Abell 3122  50.13346 -41.54053  19252  41  8.66    15.3
Abell 3122  50.14046 -40.90492  38181  31  8.81    18.3
Abell 3122  50.14283 -41.18761  18591  64  5.83    17.2
Abell 3122  50.14288 -41.77722  19437  36  8.46    18.1
Abell 3122  50.14838 -41.52822  19397  62  5.78    18.0
Abell 3122  50.14996 -41.02550  18507 -99        2 17.4
Abell 3122  50.16787 -41.74253  20493  75  3.08    17.5
Abell 3122  50.16842 -41.57378  18192  52  5.46    17.3
Abell 3122  50.19891 -41.61781  19352  40  6.48    17.6
Abell 3122  50.21779 -41.34964  19667  53  4.96    18.2
Abell 3122  50.25008 -41.30908  19443  67  4.78    18.1
Abell 3122  50.25196 -41.45594  19670  29 10.74    16.3
Abell 3122  50.25604 -41.33244  20706 190        2 18.3
Abell 3122  50.32683 -42.02394  19049  38  6.56    17.8
Abell 3122  50.36358 -41.37950  18982  64  2.98    18.3
Abell 3122  50.39050 -41.49778  19390  51  5.61    16.6
Abell 3122  50.39450 -41.06491  39364 108  2.47    18.2
Abell 3122  50.41362 -41.44825  18883  26 12.80    15.6
Abell 3122  50.41617 -41.23489  18738  38  7.85    18.1
Abell 3122  50.41625 -41.55289  20199  29 10.49    17.3
Abell 3122  50.42550 -41.80772  35815  57  4.69    17.6
Abell 3122  50.44125 -41.76050  20265 151  2.20    17.9
Abell 3122  50.51613 -41.95067  17553  51  5.89    17.8
Abell 3122  50.52346 -41.24672  17518  37  8.91    16.9
Abell 3122  50.56104 -41.55325  19791  49  5.79    17.7
Abell 3122  50.59125 -42.04619  38395 153        2 18.3
Abell 3122  50.61255 -41.90678  17556  34 10.54    17.7
Abell 3122  50.62367 -42.13758  19346 105  2.42    17.2
Abell 3122  50.62975 -40.92358  19774  71  2.57    17.8
Abell 3122  50.63521 -41.34253  31336  56  3.44    17.7
Abell 3122  50.66009 -41.77914  18985  87  3.97    17.9
Abell 3122  50.66588 -41.80994   8796  92  3.26    16.6
Abell 3122  50.72046 -40.94075  33224  88  3.58    17.9
Abell 3122  50.83670 -42.08316  18320  89        3 18.3
Abell 3122  50.87754 -41.64217  46363  64  3.73    18.1
Abell 3122  50.88958 -41.09330  33110  81  3.32    17.8
Abell 3122  50.99067 -41.43789  35609  26        2 17.7
Abell 3122  51.01192 -40.90908  39401  54  5.41    17.6
Abell 3122  51.06446 -41.07722   6514 153  2.19    16.4
Abell 3122  51.09475 -41.69867  17612  54  5.83    18.3
