Abell 2923  21.57566 -30.77522  80899  65  1.89    18.4
Abell 2923  21.67348 -31.64263   7205  77  2.57    18.4
Abell 2923  21.70852 -31.36468  39692 259        3 18.2
Abell 2923  21.71655 -31.83640  20457  47  5.91    16.2
Abell 2923  21.72476 -31.73745  34082  72  2.76    18.4
Abell 2923  21.74128 -30.63514  29142  49  5.39    17.6
Abell 2923  21.78358 -30.67811  10342  86  2.32    17.6
Abell 2923  21.78872 -31.58149   6270  77  2.19    18.4
Abell 2923  21.81124 -30.64493  45447  94  2.68    18.6
Abell 2923  21.83740 -31.51268  35656  63  3.83    18.6
Abell 2923  21.85187 -31.33196   9121  34        4 17.9
Abell 2923  21.87562 -31.46363  81417  94  2.27    17.6
Abell 2923  21.87878 -31.33145  61419  90  3.98    18.5
Abell 2923  21.90421 -31.44226  16864  71  2.13    18.6
Abell 2923  21.92819 -31.02629  29794 142        2 17.5
Abell 2923  21.93597 -31.32463  49033  13        3 18.5
Abell 2923  21.94322 -30.91256  59002  65  1.93    17.9
Abell 2923  22.05265 -31.51623  35813  71  4.21    17.3
Abell 2923  22.06960 -31.55273  35663 108  2.15    17.8
Abell 2923  22.10655 -31.77074   9095  40        4 16.1
Abell 2923  22.18312 -30.86684  37986  56  3.66    18.2
Abell 2923  22.22875 -30.61995  51276  97  2.90    18.5
Abell 2923  22.28704 -31.51056   9224  83  3.79    16.1
Abell 2923  22.33161 -31.85771  21799  56  4.85    17.9
Abell 2923  22.34425 -31.41607  35549  38  5.16    17.3
Abell 2923  22.36419 -31.82133   5747  66  2.17    18.3
Abell 2923  22.37233 -31.42685  60939  50  1.78    18.4
Abell 2923  22.38603 -31.65219  38613  50  5.84    17.2
Abell 2923  22.39681 -30.88661  28353  74  4.32    18.6
Abell 2923  22.40168 -31.80672  37936  38  7.68    17.5
Abell 2923  22.45403 -30.76422  42502  68  4.44    18.6
Abell 2923  22.46075 -31.46632  38841  85        3 18.6
Abell 2923  22.46297 -31.23324  22056  68  4.91    18.4
Abell 2923  22.47407 -30.75265  42522  57  3.47    18.5
Abell 2923  22.50230 -31.31799  21981  46        4 18.3
Abell 2923  22.51362 -31.65557  20540 329        3 18.1
Abell 2923  22.51402 -31.34852  21399  44  7.96    15.6
Abell 2923  22.51496 -30.73477  38427  83  2.68    18.0
Abell 2923  22.53036 -31.33139  22554  73  2.24    18.2
Abell 2923  22.53860 -31.28951  21239  41  6.71    18.4
Abell 2923  22.54349 -31.39562  22323  34  8.20    17.9
Abell 2923  22.54756 -31.35042  21427  40  6.99    18.3
Abell 2923  22.54841 -31.31770  21735  38  9.50    16.8
Abell 2923  22.54961 -31.07511  21492  78  2.77    18.4
Abell 2923  22.55150 -31.36565  13911  62  2.10    17.4
Abell 2923  22.56822 -31.30349  21313 114  2.18    18.2
Abell 2923  22.57432 -31.04193  42288  59  5.19    17.6
Abell 2923  22.58137 -31.33053  21604  81  2.89    18.0
Abell 2923  22.58620 -31.80850  31452  72        2 18.6
Abell 2923  22.59458 -31.30475  36057  92  3.06    18.5
Abell 2923  22.61336 -31.24258  35312  66  3.47    17.4
Abell 2923  22.61708 -30.59589  81560  54  2.44    18.2
Abell 2923  22.61919 -31.76919  39112  47  5.47    18.5
Abell 2923  22.65410 -31.36073  38469  52  5.76    18.1
Abell 2923  22.65517 -31.12112  64647  80  2.36    18.3
Abell 2923  22.66912 -31.79469  28471  58  5.34    17.8
Abell 2923  22.69802 -31.86161  25617 105        3 18.5
Abell 2923  22.71347 -31.26167  20992  73  3.32    17.3
Abell 2923  22.71837 -31.08840  38498  49  5.54    17.7
Abell 2923  22.72843 -31.51193  29638  61  2.21    18.2
Abell 2923  22.73846 -31.07070  37984  59  4.45    17.4
Abell 2923  22.75270 -31.34457  25059  52  6.51    17.9
Abell 2923  22.75594 -30.85526  45379  79  2.25    18.5
Abell 2923  22.78271 -31.50259  39038  61  4.58    18.0
Abell 2923  22.78318 -30.58477  27671  85  1.86    17.0
Abell 2923  22.80209 -31.60131  21606  39  7.46    18.2
Abell 2923  22.80784 -30.64510  21051  55  4.50    16.8
Abell 2923  22.80858 -31.19256  28105  42  6.96    17.7
Abell 2923  22.84903 -31.10324  21089  43  6.50    17.1
Abell 2923  22.85395 -31.48792  17474  57  5.12    16.4
Abell 2923  22.86056 -30.65697  38041  73        3 17.6
Abell 2923  22.88546 -30.71266  37999 -99        1 18.5
Abell 2923  22.89554 -31.81463  20712  31  8.08    17.8
Abell 2923  22.89755 -31.74914   9031  18        2 17.9
Abell 2923  22.89920 -31.26103  20674  68  3.73    18.1
Abell 2923  22.94193 -31.53176  20685  67  4.39    17.1
Abell 2923  22.94634 -31.00739  51585  54  3.87    17.9
Abell 2923  22.95337 -31.16157  20837  85  3.40    17.5
Abell 2923  22.98195 -31.21560  55138  68  4.08    18.5
Abell 2923  22.99223 -31.25170  20980 -99        1 18.3
Abell 2923  22.99575 -31.94749  51059  58        5 18.1
Abell 2923  23.00938 -30.67169  22412  80  1.72    18.3
Abell 2923  23.01632 -31.01025  22005  38  7.44    18.2
Abell 2923  23.01947 -31.32286  50821  57  5.03    18.4
Abell 2923  23.02227 -31.38330  50656  40  6.84    18.5
Abell 2923  23.02881 -31.86184  20915  33  9.38    16.2
Abell 2923  23.03669 -31.78707  20986  38  6.89    18.3
Abell 2923  23.04144 -31.83989  20593  42  5.26    18.0
Abell 2923  23.04495 -31.80546  20489  53  5.05    16.7
Abell 2923  23.04603 -31.35225  16871  78  2.65    18.3
Abell 2923  23.04841 -31.16615  64460  87  3.47    18.5
Abell 2923  23.04880 -31.77423  20331  51  4.35    18.6
Abell 2923  23.05547 -31.36554  38925  46  5.31    18.2
Abell 2923  23.05567 -30.99667  21701 144        3 18.6
Abell 2923  23.06052 -30.96590  22235  87  3.74    16.9
Abell 2923  23.06180 -31.81245  77986  64  2.06    17.6
Abell 2923  23.07515 -30.69644  53790  76  3.38    18.5
Abell 2923  23.09969 -31.57129  53772  72  3.42    17.7
Abell 2923  23.11625 -30.67014  22363  54  6.10    18.2
Abell 2923  23.12679 -31.23628  21133  38  5.88    16.5
Abell 2923  23.13428 -31.08359  52958  49  5.14    18.2
Abell 2923  23.13699 -31.70628  25186  53  4.57    17.8
Abell 2923  23.18451 -30.62024  11050  18        3 18.3
Abell 2923  23.19279 -31.72490  53721  58  4.27    18.4
Abell 2923  23.20879 -31.48804  34088  55  3.13    18.1
Abell 2923  23.25855 -31.03569  22436  41  7.51    18.0
Abell 2923  23.29686 -31.74513  20948 -99        1 18.5
Abell 2923  23.30194 -31.39161  50919  96  3.02    18.3
Abell 2923  23.30546 -31.80139  35693  53  3.17    18.3
Abell 2923  23.33945 -31.37408  10879 146        3 15.9
