Abell 3194  58.70187 -30.53475  28661  36  7.93    18.4
Abell 3194  58.74646 -30.34489  29063  53  5.07    17.3
Abell 3194  58.76771 -30.65369  30733  60  3.01    17.3
Abell 3194  58.79079 -30.08861  28063  36  8.64    17.0
Abell 3194  58.80392 -30.44822  28680  40  7.33    17.5
Abell 3194  58.81629 -30.12644  29358 186        3 18.6
Abell 3194  58.84254 -30.05861  18998  19 16.64    16.6
Abell 3194  58.85692 -29.99522  18052  41  6.73    17.4
Abell 3194  58.94413 -30.42425  28754  60  5.46    17.0
Abell 3194  58.94475 -30.64669  49818  48  5.25    18.2
Abell 3194  58.94846 -30.45239  50437  47  5.13    18.5
Abell 3194  58.95375 -30.80967  21348 108  1.54    18.3
Abell 3194  58.95663 -30.36011  28902  39  7.31    18.1
Abell 3194  58.96121 -30.27947  29573  29 10.60    18.1
Abell 3194  58.97792 -30.40167  29549  96  1.82    18.1
Abell 3194  58.99025 -30.35394  29351  48  4.10    18.4
Abell 3194  58.99850 -30.50169  18346  44        2 18.4
Abell 3194  59.00750 -30.64725  56170  58  4.03    18.5
Abell 3194  59.05246 -30.38775  29255  30  9.80    17.7
Abell 3194  59.06467 -30.40805  28664  52  5.76    17.9
Abell 3194  59.09992 -29.95456  37153  33  7.40    18.0
Abell 3194  59.11046 -30.37086  28372  38  6.98    18.4
Abell 3194  59.11596 -30.25472  45470  49  5.37    18.1
Abell 3194  59.12408 -30.02814  28954  72  3.86    17.7
Abell 3194  59.12463 -30.06094  50164  30  9.77    17.4
Abell 3194  59.12896 -30.68381  50866  54  3.58    18.4
Abell 3194  59.12967 -30.19936  28904  15        2 18.5
Abell 3194  59.13304 -30.36419  29778 110  2.18    18.3
Abell 3194  59.14000 -29.97408  51913 134  2.52    18.6
Abell 3194  59.15129 -30.30519  45570   9        2 18.4
Abell 3194  59.15171 -30.38439  29906  66  3.32    18.3
Abell 3194  59.15462 -29.91872  29475  72  3.01    17.8
Abell 3194  59.15604 -30.01167  49625  46  6.59    18.6
Abell 3194  59.16042 -30.47831  43564  38  5.98    17.6
Abell 3194  59.19384 -30.44597  30614  40  6.72    18.3
Abell 3194  59.19704 -30.03953  50242  79  2.82    17.3
Abell 3194  59.19925 -30.27689  28273  33  9.63    16.9
Abell 3194  59.21238 -30.29850  28236  40  7.49    18.2
Abell 3194  59.22317 -30.37686  29048  22 13.19    17.7
Abell 3194  59.22808 -30.26608  29652  32  8.94    18.1
Abell 3194  59.23058 -30.72381  28837  36  7.81    18.3
Abell 3194  59.24338 -30.42764  27923  96  3.44    18.3
Abell 3194  59.24367 -30.31783  28190 186        3 18.6
Abell 3194  59.25937 -30.34761  29783  29  9.26    18.4
Abell 3194  59.26113 -30.30939  29109 139  2.27    18.5
Abell 3194  59.27900 -30.20117  30045  48  5.38    17.8
Abell 3194  59.27988 -30.39497  30223  68  5.18    18.5
Abell 3194  59.28004 -30.33453  28667  48  6.98    17.6
Abell 3194  59.28692 -30.44439  28269  99  2.87    17.2
Abell 3194  59.29729 -30.25167  30049  42  7.11    18.0
Abell 3194  59.31413 -30.42586  30136  52  4.51    18.5
Abell 3194  59.31567 -29.97256  17949  32  8.04    18.0
Abell 3194  59.31638 -30.21381  29314  38  8.59    17.8
Abell 3194  59.32833 -30.57681  54703  71  3.83    17.8
Abell 3194  59.33179 -30.37564  29073  53  5.21    18.5
Abell 3194  59.33488 -30.34397  29171  53  4.56    16.9
Abell 3194  59.36617 -30.39250  29287  36  8.10    18.4
Abell 3194  59.39167 -30.25356  28407 120        3 18.6
Abell 3194  59.40146 -30.41292  43694  61  3.59    18.5
Abell 3194  59.40379 -29.89131  49922  55  3.89    18.2
Abell 3194  59.40692 -30.13983  29419  41  8.43    16.5
Abell 3194  59.41017 -30.23497  28741  40  6.95    17.9
Abell 3194  59.41279 -30.44633  28483  36  7.91    18.5
Abell 3194  59.42988 -30.34928  30136 163        3 18.5
Abell 3194  59.43192 -30.59245  50173  35  7.78    17.7
Abell 3194  59.44746 -30.17911  29756  48  6.47    18.6
Abell 3194  59.45167 -29.83664  20547  16        3 18.2
Abell 3194  59.46108 -30.06911  46554  48  3.96    18.5
Abell 3194  59.46638 -30.12886  32096  56  3.63    18.0
Abell 3194  59.48154 -30.54744  46030  34  7.69    18.4
Abell 3194  59.48775 -30.18183  30840 221        2 18.2
Abell 3194  59.49738 -30.57050  50356  49  5.41    17.7
Abell 3194  59.50750 -30.64495  43434 282        2 18.3
Abell 3194  59.54521 -30.04897  55366  57  2.62    18.3
Abell 3194  59.55096 -30.81472  28847  49  6.16    17.5
Abell 3194  59.55804 -30.38553  20132 136        3 17.7
Abell 3194  59.57550 -30.49106  28679  45  4.92    18.4
Abell 3194  59.57650 -30.23442  28736  70  2.07    17.2
Abell 3194  59.58246 -30.35278  29499 212        4 18.0
Abell 3194  59.60217 -30.10378  29303  31  9.64    17.4
Abell 3194  59.60308 -30.48303  28673  69  3.06    17.7
Abell 3194  59.61546 -30.30844  38843  96  2.44    18.4
Abell 3194  59.62558 -30.25592  29081  31 10.53    18.0
Abell 3194  59.62688 -30.09595  29257  32  9.62    17.6
Abell 3194  59.63979 -30.37506  39347  51  5.40    18.5
Abell 3194  59.64458 -30.46228  18585  80  2.27    17.5
Abell 3194  59.64475 -30.24353  28514  40  7.07    18.2
Abell 3194  59.64483 -30.11478  44691  44  5.86    18.4
Abell 3194  59.64921 -30.80192  43096  43  4.55    16.6
Abell 3194  59.65879 -29.97103  18852 173        4 18.2
Abell 3194  59.66083 -30.22225  28907  67  2.06    18.3
Abell 3194  59.67575 -30.02433  29472  91  2.30    17.2
Abell 3194  59.81267 -30.70567  31173  75  1.86    18.6
Abell 3194  59.83216 -29.93644  18386  37  7.16    17.6
