Abell 3107  47.83429 -43.13150  38465  38  7.76    18.5
Abell 3107  47.86134 -43.23045  18208  22 15.21    16.7
Abell 3107  47.86717 -43.24589   9442  43  6.48    17.2
Abell 3107  47.86763 -42.99661  19282  71  3.12    18.2
Abell 3107  47.88246 -42.92942  57845  80  4.05    18.4
Abell 3107  47.89467 -43.20897  47038  72  2.90    18.7
Abell 3107  47.91350 -43.18572  22774  27  9.90    17.6
Abell 3107  47.92421 -43.08700  45810  48  7.59    18.3
Abell 3107  47.94008 -42.78814  20205  43  6.62    17.4
Abell 3107  47.95792 -43.29586  18452  51  6.21    16.3
Abell 3107  47.99088 -43.34900  18597  41  6.82    16.9
Abell 3107  48.02459 -43.08014  16697  31        2 18.5
Abell 3107  48.05617 -43.37208  19702  33  8.28    17.7
Abell 3107  48.06433 -42.97522  45706  74        2 18.2
Abell 3107  48.07579 -42.87650  19223  37  7.59    16.9
Abell 3107  48.08038 -42.83119  19767  37  9.01    17.9
Abell 3107  48.10709 -42.66089  35942 -99        1 18.0
Abell 3107  48.13900 -42.52128  16904  26 10.56    16.3
Abell 3107  48.14175 -43.20795  13172  38        5 18.0
Abell 3107  48.14487 -43.14378   9350  62        2 18.6
Abell 3107  48.15808 -43.08567  49572  66  3.84    18.5
Abell 3107  48.17854 -42.92714  29949  29 11.36    16.6
Abell 3107  48.18946 -42.90050  29597  50  4.94    17.3
Abell 3107  48.20542 -42.90919  44354  88  2.91    18.3
Abell 3107  48.22525 -42.98730  29768  59  3.36    18.4
Abell 3107  48.23250 -42.97472  49607  42  5.72    18.0
Abell 3107  48.28362 -43.00367  45664  43  6.21    17.8
Abell 3107  48.32446 -42.61028  31541 234        2 18.4
Abell 3107  48.33600 -43.44061  22656  50        3 18.6
Abell 3107  48.33625 -42.92292  17062  55  4.42    18.0
Abell 3107  48.34054 -42.98697  49728  25        2 17.9
Abell 3107  48.34821 -42.74744  28932  85  2.64    18.4
Abell 3107  48.36837 -42.97178  19699  57  4.59    18.2
Abell 3107  48.41904 -42.96159  19543  35  8.82    18.1
Abell 3107  48.42429 -43.19700  36674  65  2.44    18.0
Abell 3107  48.42529 -42.59722  29069  52  5.37    18.1
Abell 3107  48.44600 -42.95500  19097  58        4 18.2
Abell 3107  48.48800 -42.48586  18462  94  2.22    16.8
Abell 3107  48.49683 -43.15436  22996  29  9.87    18.5
Abell 3107  48.49946 -42.62280  34961 111  3.03    17.8
Abell 3107  48.51083 -42.78736  23256 -99        1 18.2
Abell 3107  48.51625 -42.82306  19277  42  5.13    18.1
Abell 3107  48.53584 -43.07836  20390  41  5.88    17.3
Abell 3107  48.53837 -42.85955  19057  79  2.92    18.2
Abell 3107  48.53875 -42.83730  18599  34  9.04    17.0
Abell 3107  48.54525 -42.89481  36331  36  8.12    17.9
Abell 3107  48.56654 -42.93967  52722  47  8.02    18.5
Abell 3107  48.56963 -43.05850  20276  31 10.96    17.7
Abell 3107  48.57342 -42.75967  22843  47  7.64    17.7
Abell 3107  48.57879 -43.09794  19509  38  8.66    18.6
Abell 3107  48.58288 -42.58044  29686 182        4 18.2
Abell 3107  48.58971 -42.94825  19502  23 11.74    17.4
Abell 3107  48.60250 -42.61528  33027 -99        1 18.3
Abell 3107  48.61400 -43.01120  19269  48  5.75    18.0
Abell 3107  48.62138 -42.97150  44993  52  6.54    18.2
Abell 3107  48.63146 -42.67920  38420  51  4.89    17.9
Abell 3107  48.64742 -42.98472  45365  50  4.88    18.4
Abell 3107  48.67396 -43.06389  22909  31  7.55    18.4
Abell 3107  48.68133 -42.65761  22971  25 11.61    17.8
Abell 3107  48.68996 -42.54956  29088  70  2.91    17.9
Abell 3107  48.69421 -43.19100  45274  52  4.45    17.9
Abell 3107  48.73446 -43.15675  45425  36  8.57    18.5
Abell 3107  48.73763 -43.01569   9522  66  4.01    17.8
Abell 3107  48.74512 -43.09214  23001  38  7.69    18.4
Abell 3107  48.74775 -42.45230  36614  50  7.95    18.4
Abell 3107  48.93125 -42.63678  24630  20        2 18.3
Abell 3107  48.94050 -43.34225  23641  94  3.94    18.5
Abell 3107  48.97363 -42.66920  19904  47  5.96    18.1
Abell 3107  48.99775 -42.99608  23740  45  5.11    18.5
Abell 3107  49.01379 -42.67620  34495  47  5.35    17.8
Abell 3107  49.01996 -43.19431  34745  49  5.08    18.6
Abell 3107  49.03058 -43.00383  23564  54  6.50    17.4
Abell 3107  49.05725 -43.23458  27295  56  5.16    17.1
Abell 3107  49.06600 -43.42908  24032  63  3.78    18.0
Abell 3107  49.06937 -42.77230  44602  67  4.47    18.2
Abell 3107  49.11875 -43.10122  44852  42        2 18.6
Abell 3107  49.15008 -42.65906  24262  99  3.95    17.9
