Abell 4010 351.63671 -36.74894  29599  50  4.51    18.1
Abell 4010 351.68340 -37.01078  28747  34  7.89    17.6
Abell 4010 351.76734 -37.24724  26101  81  3.82    17.8
Abell 4010 351.97257 -36.98752  29324  36  7.11    17.2
Abell 4010 352.04030 -36.59413  29210  56  4.49    17.6
Abell 4010 352.04872 -36.76200  29111  49  3.81    17.8
Abell 4010 352.10258 -36.74676  27224  54  5.03    17.3
Abell 4010 352.10516 -36.87545  40295  55  5.20    18.0
Abell 4010 352.18050 -36.73439  27494  88  2.88    17.3
Abell 4010 352.18818 -36.82807  27178  38  7.45    17.8
Abell 4010 352.23075 -36.76137  28458  30 10.33    17.8
Abell 4010 352.25785 -36.79655  29874  34  8.95    17.6
Abell 4010 352.27366 -37.04092  28066  46  6.01    18.1
Abell 4010 352.31572 -36.79271  27830  49  5.91    17.4
Abell 4010 352.31858 -36.77243  29015  38  6.96    17.8
Abell 4010 352.32512 -36.70431  29057  40  6.45    17.7
Abell 4010 352.33560 -36.47552  28822  26 11.02    17.1
Abell 4010 352.39886 -36.80177  29076  45  7.18    17.9
Abell 4010 352.41467 -36.98253  27974  33 12.07    17.6
Abell 4010 352.42659 -36.50836  28564  41  6.16    17.8
Abell 4010 352.49557 -36.74252  29420  42  6.89    18.1
Abell 4010 352.53321 -36.46641  28307  65  5.84    18.0
Abell 4010 352.53425 -36.48240  28357  46  6.50    17.0
Abell 4010 352.53734 -36.63108  29710  39  6.69    17.5
Abell 4010 352.59022 -36.48664  28305  38  6.65    16.8
Abell 4010 352.60128 -36.57224  29624  35  8.02    17.6
Abell 4010 352.68682 -36.32501  28717  82  3.42    17.9
Abell 4010 352.72710 -36.36586  28362  59  5.07    18.1
