Abell 3112  48.10308 -44.78444  63445  70  3.91     0.0
Abell 3112  48.11938 -45.33628  21928 100        2  0.0
Abell 3112  48.13096 -44.80466  40095  61  4.68     0.0
Abell 3112  48.19704 -44.92558  22462  26 11.10     0.0
Abell 3112  48.21904 -45.18025  27390  43  5.98     0.0
Abell 3112  48.39529 -45.10336  13353  95        3  0.0
Abell 3112  48.39917 -44.75200  28973  60  3.12     0.0
Abell 3112  48.46346 -44.80186  25897  43  6.19     0.0
Abell 3112  48.46513 -44.51033  48352  90  2.92     0.0
Abell 3112  48.47046 -44.84233  35169  84        2  0.0
Abell 3112  48.47458 -44.68056  22590  37  7.87     0.0
Abell 3112  48.48217 -44.52608  23107  28 10.08     0.0
Abell 3112  48.50233 -44.51661  23563  68  2.96     0.0
Abell 3112  48.50721 -44.85414  36494  25 10.07     0.0
Abell 3112  48.52629 -44.58508  39550  41  7.35     0.0
Abell 3112  48.53771 -45.00039  13540  14 23.26     0.0
Abell 3112  48.54092 -44.79053  36385  37  7.77     0.0
Abell 3112  48.58746 -45.07089  29975  36  7.26     0.0
Abell 3112  48.59192 -45.29569  21426  28 11.44     0.0
Abell 3112  48.62504 -44.56975  29607  48  8.93     0.0
Abell 3112  48.63479 -44.84892  36150  23 14.52     0.0
Abell 3112  48.64854 -45.29766  21999  36  9.22     0.0
Abell 3112  48.65000 -44.83194  36415  30 11.61     0.0
Abell 3112  48.65204 -45.07914  22254  85  3.44     0.0
Abell 3112  48.65925 -45.31353  22132  70  3.28     0.0
Abell 3112  48.66275 -44.60925  18662  25 11.74     0.0
Abell 3112  48.68129 -44.84875  37113  41  6.03     0.0
Abell 3112  48.71513 -44.57014  22772  59  5.13     0.0
Abell 3112  48.73642 -44.74186  36080  31  9.26     0.0
Abell 3112  48.74017 -44.86069  29488  26 13.20     0.0
Abell 3112  48.74583 -45.14339  24024  34  9.54     0.0
Abell 3112  48.75200 -45.07758  11763  74  3.58     0.0
Abell 3112  48.75267 -44.89786  22039  48  4.84     0.0
Abell 3112  48.75271 -44.59172  23269  34  8.90     0.0
Abell 3112  48.75567 -44.52739  36468  25 12.35     0.0
Abell 3112  48.77917 -44.83628  25772  78  3.37     0.0
Abell 3112  48.79492 -44.92631  23182  30  9.30     0.0
Abell 3112  48.79654 -44.43386  22470  89  2.64     0.0
Abell 3112  48.79787 -44.85347  29255  41  6.50     0.0
Abell 3112  48.79796 -45.32739  16823  66  4.07     0.0
Abell 3112  48.80350 -44.49553  22779  21 13.66     0.0
Abell 3112  48.81279 -44.45225  22311  48  6.64     0.0
Abell 3112  48.81279 -44.86647  23240  97  2.50     0.0
Abell 3112  48.81654 -44.62392  22483  25 12.58     0.0
Abell 3112  48.83425 -44.96650  45122  34  8.61     0.0
Abell 3112  48.84912 -44.46408  22537  33 10.55     0.0
Abell 3112  48.86509 -44.55097   9121  91  3.31     0.0
Abell 3112  48.88604 -44.55817  39311  34  9.28     0.0
Abell 3112  48.90338 -44.57550  39266  66  4.65     0.0
Abell 3112  48.90392 -44.67536  23072  30  9.85     0.0
Abell 3112  48.91116 -44.53161  68404  91  3.65     0.0
Abell 3112  48.91413 -44.75836  22735  27 12.69     0.0
Abell 3112  48.92871 -44.99586  23158  34  8.15     0.0
Abell 3112  48.94700 -45.14720  53064  66  3.55     0.0
Abell 3112  48.94738 -44.49550  21732  34  9.41     0.0
Abell 3112  48.94767 -45.11975  22218  36  8.05     0.0
Abell 3112  48.95129 -44.88136  23000  32 10.12     0.0
Abell 3112  48.95258 -44.70075  38282  42  7.28     0.0
Abell 3112  48.95904 -45.06094  33496  40  6.20     0.0
Abell 3112  48.96663 -44.74883  38704  53  6.20     0.0
Abell 3112  48.97079 -44.43656  21558  30 11.06     0.0
Abell 3112  48.98546 -45.02003  24189  54  4.67     0.0
Abell 3112  48.99896 -44.99392  23876  52  6.09     0.0
Abell 3112  49.00754 -44.63970  20656  48        3  0.0
Abell 3112  49.01363 -44.44386  20804  32  9.03     0.0
Abell 3112  49.01688 -44.56850  22779  29  9.31     0.0
Abell 3112  49.02600 -44.83403  23350  53  6.21     0.0
Abell 3112  49.02887 -44.98300  22838  31 11.34     0.0
Abell 3112  49.03704 -44.44728  39830  46  4.92     0.0
Abell 3112  49.04125 -44.46981  22001  24 13.78     0.0
Abell 3112  49.05458 -44.41964  22816  51  6.78     0.0
Abell 3112  49.06596 -44.83266  23257  23 13.17     0.0
Abell 3112  49.07146 -45.17225  23481  34 10.17     0.0
Abell 3112  49.07250 -44.95028  21749  32 10.24     0.0
Abell 3112  49.08404 -44.72489  23791  26 11.48     0.0
Abell 3112  49.08533 -44.44650  39625  42  6.50     0.0
Abell 3112  49.08692 -44.49725  22346  57  4.77     0.0
Abell 3112  49.08750 -44.97356  23840  27 11.44     0.0
Abell 3112  49.11166 -44.52183  22453  20 14.67     0.0
Abell 3112  49.11391 -44.83203  20267 100  4.13     0.0
Abell 3112  49.11829 -44.88575  20017  28  9.89     0.0
Abell 3112  49.13296 -44.72886  28730  55  4.09     0.0
Abell 3112  49.14233 -44.56150  22453  28 11.07     0.0
Abell 3112  49.14767 -44.86033  22168  88  3.39     0.0
Abell 3112  49.15508 -44.74956  28707  48  4.84     0.0
Abell 3112  49.16991 -44.72403  28793  33  9.11     0.0
Abell 3112  49.18067 -44.50592  23330 150  2.78     0.0
Abell 3112  49.18359 -44.88939  28594  76  4.83     0.0
Abell 3112  49.20287 -44.62408  22078  51  4.79     0.0
Abell 3112  49.20754 -44.83275  21911  44  6.71     0.0
Abell 3112  49.22350 -45.19753  19506  24 12.54     0.0
Abell 3112  49.22533 -44.48881  22801  26 12.11     0.0
Abell 3112  49.26717 -44.80903  26975  34  9.38     0.0
Abell 3112  49.27242 -44.65200  22608  22 13.57     0.0
Abell 3112  49.28679 -44.89422  21815  25 12.34     0.0
Abell 3112  49.29712 -44.78553  26919  22 13.91     0.0
Abell 3112  49.30512 -44.93417  23268  18 17.53     0.0
Abell 3112  49.31342 -44.45514  41604  33  8.80     0.0
Abell 3112  49.32250 -44.60841  23077  33  9.88     0.0
Abell 3112  49.32421 -44.88172  22085  43  6.20     0.0
Abell 3112  49.38321 -44.74136  19470 106  2.94     0.0
Abell 3112  49.40196 -44.72039  23176  28 11.68     0.0
Abell 3112  49.40446 -45.15611  35856  39  8.18     0.0
Abell 3112  49.40942 -44.62930  23181  61  3.88     0.0
Abell 3112  49.41092 -44.76469  34918  37  7.68     0.0
Abell 3112  49.42463 -44.82794   9110  75  4.02     0.0
