Abell 3159  54.83562 -32.82725  28100  25 13.62    16.6
Abell 3159  54.85704 -33.41220  42843  51  4.55    18.1
Abell 3159  54.92250 -32.45364  36012  39  7.12    18.3
Abell 3159  54.92567 -32.58022  29012  64  3.99    18.4
Abell 3159  54.92779 -32.59908  53923 202        2 17.8
Abell 3159  54.99558 -32.91167  11351  58  3.44    16.8
Abell 3159  55.03196 -32.45211  16885  10        4 18.4
Abell 3159  55.03979 -32.37527  35181  96  3.40    17.8
Abell 3159  55.03983 -32.34200  49669  46  4.78    18.0
Abell 3159  55.04404 -32.36147  50219  52  6.20    18.0
Abell 3159  55.10304 -32.58255  11203  81  2.23    17.4
Abell 3159  55.10471 -33.43475  31707  75  2.94    18.2
Abell 3159  55.11113 -32.50064  48683 165        3 18.3
Abell 3159  55.11658 -33.04417  38832 -99        1 18.3
Abell 3159  55.14508 -33.36383  19501  27 10.25    15.6
Abell 3159  55.16196 -33.40903  42381  44  6.52    18.2
Abell 3159  55.25921 -32.75420  28621  59  5.02    17.2
Abell 3159  55.28671 -32.85064  38728 -99        1 17.4
Abell 3159  55.30479 -32.79469  38685  68  3.44    17.3
Abell 3159  55.34521 -33.54253  42617  63  3.08    18.2
Abell 3159  55.36750 -32.57733  22328  72  3.13    17.8
Abell 3159  55.41133 -32.83680  32068  37  8.51    17.9
Abell 3159  55.42146 -32.49036  53062  90  2.32    18.2
Abell 3159  55.47075 -32.83944  28616  86  2.23    17.7
Abell 3159  55.47787 -32.55875  52327   4        2 18.2
Abell 3159  55.48408 -32.72567  22016  34  8.55    17.4
Abell 3159  55.50621 -32.66589  26827  57        4 18.2
Abell 3159  55.53425 -32.84941  49920  53  6.05    18.0
Abell 3159  55.57613 -32.72978  33185  15        2 18.0
Abell 3159  55.59025 -32.62350  35671  43  5.95    18.3
Abell 3159  55.60267 -33.52250  35348  54  4.39    18.0
Abell 3159  55.63037 -33.19386  38372  38  7.37    18.0
Abell 3159  55.64321 -32.67250  22108  24        4 18.2
Abell 3159  55.66666 -32.81981  35322  60  3.84    17.7
Abell 3159  55.69442 -33.01875  18491 -99        1 18.4
Abell 3159  55.70642 -32.94647  22261  32  9.04    17.9
Abell 3159  55.73859 -32.43814  25036 106        3 18.3
Abell 3159  55.75209 -32.40911  27821  26 10.28    17.8
Abell 3159  55.76938 -32.87383  22156  43  7.26    17.8
Abell 3159  55.78092 -32.70717  39021  95        2 18.2
Abell 3159  55.78875 -32.40483  24895  34        4 18.3
Abell 3159  55.81892 -32.56472  32487  75  4.53    18.1
Abell 3159  55.82767 -32.36869  21749  28 10.71    17.2
Abell 3159  55.89338 -32.49831  22180  30  8.54    17.9
Abell 3159  55.91200 -32.65581  32320  23 11.58    17.7
Abell 3159  55.93971 -33.43606  35335  56  3.79    18.4
Abell 3159  55.94871 -33.27672  38260  52  4.83    17.9
Abell 3159  55.96371 -32.51117  21187  52  3.53    17.4
Abell 3159  55.97691 -33.34178  35360  46  6.17    18.4
Abell 3159  56.00717 -32.37264  21953  59        4 18.0
Abell 3159  56.05333 -32.54464  32622  71  3.36    18.0
Abell 3159  56.08792 -33.09822  28789  64  4.52    18.0
Abell 3159  56.10700 -33.11311  35260  13        2 18.1
Abell 3159  56.13175 -33.10477  35022  61  4.29    18.2
Abell 3159  56.14133 -33.18520  31617  32        2 18.1
Abell 3159  56.14546 -33.54875  19442  72  3.25    17.6
Abell 3159  56.17896 -33.04008  27448  61  5.08    17.6
Abell 3159  56.18713 -32.83994  30546  34  8.74    18.0
Abell 3159  56.19379 -32.95847  35840  56  5.80    17.7
Abell 3159  56.19729 -33.02925  35374  35  9.63    18.2
Abell 3159  56.24904 -32.84105  18374  22        5 17.9
Abell 3159  56.31454 -33.10014  31413  87        3 18.2
Abell 3159  56.34604 -32.50678  32359  53  4.91    18.0
Abell 3159  56.35117 -33.00500  32689  36  7.97    18.1
Abell 3159  56.42975 -32.63914  21766  59        4 18.1
Abell 3159  56.46017 -33.09119  27382  45  5.82    17.7
Abell 3159  56.46921 -33.46719  49612  54  3.85    17.7
Abell 3159  56.48392 -33.28695  33661  51  5.24    18.0
