Abell 3915 339.62927 -52.66031  29453  32  8.69    17.8
Abell 3915 339.65155 -52.87472  29070  69  3.57    18.4
Abell 3915 339.67249 -52.17928  19244  34  9.44    17.5
Abell 3915 339.69986 -52.20522  19382  45       11 18.1
Abell 3915 339.70706 -52.31828  16511  67  4.05    17.3
Abell 3915 339.73083 -53.04958  28532  49  4.82    17.3
Abell 3915 339.75571 -53.05956  29034  52  4.03    17.2
Abell 3915 339.83191 -52.05069  26315  86  3.07    18.3
Abell 3915 339.88596 -52.45972  29900  67  5.01    17.7
Abell 3915 339.91159 -52.75470  26554  28 12.32    17.5
Abell 3915 339.92130 -52.66400  27223  39  7.63    17.3
Abell 3915 339.92474 -52.18064  23769  55  4.49    18.1
Abell 3915 339.92865 -52.80400  32842  98        9 17.9
Abell 3915 339.99622 -52.28589  26206  32  9.33    17.0
Abell 3915 340.01053 -53.06092  49479  33  8.74    18.2
Abell 3915 340.01111 -52.72753  29921  26 13.34    17.4
Abell 3915 340.03320 -52.78097  29480  23 14.61    17.5
Abell 3915 340.11359 -52.54361  19534  60  5.31    18.3
Abell 3915 340.12369 -52.14042  16834  81  4.01    17.2
Abell 3915 340.17264 -51.76828  27842  65  4.44    18.0
Abell 3915 340.28473 -52.99625  28950  26 12.43    17.8
Abell 3915 340.28735 -52.83514  26989  35  8.82    17.6
Abell 3915 340.29309 -52.69631  29978  58  4.88    18.1
Abell 3915 340.37805 -52.61975  23062 119  2.10    17.9
Abell 3915 340.37851 -52.70483  27924  40  7.06    18.2
Abell 3915 340.42899 -52.81461  28067  34  9.64    18.0
Abell 3915 340.46811 -52.65814  28591  36  8.38    18.3
Abell 3915 340.48987 -53.02850  27948  87  3.91    17.2
Abell 3915 340.53998 -52.84727  29307  43  8.10    18.1
Abell 3915 340.54428 -52.16895  28437  87        9 18.0
Abell 3915 340.55304 -52.69056  29977  57  5.90    18.2
Abell 3915 340.57388 -51.79658  31102  37  6.95    18.1
Abell 3915 340.61725 -52.97847  29447  39  8.52    18.2
Abell 3915 340.61960 -52.31025  28365  29       10 18.0
Abell 3915 340.69327 -52.91661  27921  84  3.54    16.7
Abell 3915 340.70691 -52.54847  28777  41  8.61    17.9
Abell 3915 340.70874 -52.80372  28284  85  4.52    18.1
Abell 3915 340.71625 -52.95764  28233  62  5.44    17.4
Abell 3915 340.72943 -52.87333  30341 104  2.76    18.3
Abell 3915 340.74472 -52.13061  28796  88  4.03    18.1
Abell 3915 340.81100 -52.54711  28648  79        6 18.1
Abell 3915 340.84088 -52.50080  28821  67  4.85    16.8
Abell 3915 340.85297 -52.84700  28716  60  4.88    18.3
Abell 3915 340.90085 -53.02547  28450  40  7.21    18.3
Abell 3915 340.90375 -52.98931  27516  96  3.23    16.6
Abell 3915 340.92859 -51.76719  15172  35       11 17.4
Abell 3915 340.93665 -52.11858  28838  64  2.91    17.3
Abell 3915 340.93951 -53.04219  29126  38  9.17    17.7
Abell 3915 340.94684 -52.51233  29696  29 12.90    17.4
Abell 3915 340.96555 -52.43394  29292  32 11.47    17.8
Abell 3915 340.99850 -52.20583  28394 102        9 18.0
Abell 3915 341.03671 -52.74047  29707  76  4.93    17.5
Abell 3915 341.04208 -52.58972  19581  99  2.67    17.7
Abell 3915 341.05051 -53.02089  28057  39  8.59    18.0
Abell 3915 341.11734 -51.85114  40515  55       11 18.0
Abell 3915 341.11969 -52.15822  29180  57  5.76    18.0
Abell 3915 341.15558 -52.31850  32976  48  6.80    17.7
Abell 3915 341.16016 -52.44117  29512  32 11.32    17.6
Abell 3915 341.17587 -52.10133   7978  30  9.01    15.5
Abell 3915 341.18445 -52.16344  29666  41  8.70    17.6
Abell 3915 341.19540 -52.27272  28784  43  5.61    17.1
Abell 3915 341.21481 -52.18814  29756  74        9 18.4
Abell 3915 341.22040 -52.24017  29922  59  4.33    17.6
Abell 3915 341.23639 -52.37156  14550  76  3.63    17.1
Abell 3915 341.27771 -53.00930  19064  43       13 18.1
Abell 3915 341.32175 -52.59747  29725  50  6.51    18.4
Abell 3915 341.32596 -52.31753  29171  42  9.50    16.7
Abell 3915 341.39999 -52.37830  29987  72  4.30    18.2
Abell 3915 341.41354 -52.00869  13137  46  6.05    15.9
Abell 3915 341.45975 -52.85147  29737 112       10 18.3
Abell 3915 341.54492 -52.33981  28876  20 14.70    17.6
Abell 3915 341.56119 -52.40439  29143  31 10.82    18.3
Abell 3915 341.58044 -52.55875  16398  60       12 17.8
Abell 3915 341.60779 -52.00906  28879  52  6.23    18.1
Abell 3915 341.61505 -52.44603  29608  73  4.23    17.3
Abell 3915 341.62878 -52.04708  28735  37  8.37    18.0
Abell 3915 341.63538 -52.00795  28553  35  8.76    18.2
Abell 3915 341.67474 -52.01014  29187  37  8.47    17.8
Abell 3915 341.70444 -52.23450  29367  37  7.72    17.4
Abell 3915 341.77448 -51.83905  28489  41  6.66    17.8
Abell 3915 341.77594 -52.00061  28759  36 11.07    16.8
Abell 3915 341.91122 -51.68836  34441  90  3.99    17.7
