Abell 2933  23.60921 -54.94975  32001  46  5.75    18.4
Abell 2933  23.61504 -55.17550  15435  98  2.66    18.4
Abell 2933  23.66208 -54.75350  28237  92  3.16    18.2
Abell 2933  23.70788 -55.27850  15542  56  4.40    18.4
Abell 2933  23.71879 -55.30367  48112  52  3.94    18.2
Abell 2933  23.76804 -55.33958  30610  96  2.54    18.1
Abell 2933  23.77092 -54.80961  40880  82  3.68    18.6
Abell 2933  23.82046 -54.67520  31953  81  2.41    18.4
Abell 2933  23.82896 -54.39800  17675  80        9 18.5
Abell 2933  23.83067 -54.94664  27137  72  3.50    17.7
Abell 2933  23.83937 -54.41450  17575  26 13.24    16.7
Abell 2933  23.96967 -55.34869  40475  72  4.39    18.4
Abell 2933  24.02142 -54.85097  16000  84  2.69    18.6
Abell 2933  24.02288 -54.87383  25854  56  4.37    18.7
Abell 2933  24.05087 -55.76078  49366  81  3.04    18.5
Abell 2933  24.05192 -55.01920  27402  32  8.26    18.4
Abell 2933  24.07771 -54.86564  28257  50  5.75    18.6
Abell 2933  24.13333 -54.55858  27293  50  5.16    18.4
Abell 2933  24.14029 -54.89859  27820  43  6.44    17.8
Abell 2933  24.14383 -54.97947  27307  55  4.97    18.0
Abell 2933  24.15679 -54.73036  28405  29  9.53    18.4
Abell 2933  24.21829 -54.46870  27348  71        9 18.4
Abell 2933  24.25700 -54.59480  26528  41  6.16    18.4
Abell 2933  24.29092 -54.49792  26518  30  8.92    17.8
Abell 2933  24.38404 -54.51728  26651  52  4.21    18.5
Abell 2933  24.38700 -54.87594  27114  65  4.06    17.9
Abell 2933  24.38746 -54.84611  15740  87        8 16.5
Abell 2933  24.39613 -54.58867  22312  46  5.80    18.4
Abell 2933  24.43421 -55.23228  39880  58  5.94    18.6
Abell 2933  24.45246 -55.07469  27035 106  2.13    17.9
Abell 2933  24.46292 -54.97892  27272  25 11.93    18.0
Abell 2933  24.46846 -55.28366  27469  33  7.58    18.5
Abell 2933  24.54817 -55.26378  27379  88        5 17.8
Abell 2933  24.56758 -55.09561  28337  67  3.60    18.3
Abell 2933  24.58921 -54.72017  20749 156        7 17.9
Abell 2933  24.59933 -55.12611  27155  28  9.88    18.3
Abell 2933  24.59971 -55.71053  21962  43  7.49    18.0
Abell 2933  24.60117 -55.33220  28500 126        6 18.5
Abell 2933  24.62004 -54.78931  26635  32 10.47    18.6
Abell 2933  24.63254 -55.41028  28430  45  6.47    17.9
Abell 2933  24.67263 -54.76800  27431  28 13.56    16.5
Abell 2933  24.67754 -54.73455  27496  29 12.07    17.7
Abell 2933  24.68113 -54.83767  25637  69  3.01    17.7
Abell 2933  24.72050 -54.76617  26803  56  5.35    18.6
Abell 2933  24.74696 -54.85383  28162  36  9.99    17.4
Abell 2933  24.75625 -54.81350  28342  27 10.93    18.6
Abell 2933  24.76500 -54.95272  28284  29 10.70    18.3
Abell 2933  24.77267 -54.87527  27966  56  6.99    15.8
Abell 2933  24.78375 -54.83722  27693  44  8.31    18.5
Abell 2933  24.80284 -54.81556  28279  42  8.31    18.4
Abell 2933  24.80737 -54.94911  28755  58  4.93    18.2
Abell 2933  24.80963 -55.38433  61362  59  4.60    18.7
Abell 2933  24.82759 -54.85492  15559  22        4 18.6
Abell 2933  24.84467 -54.63703  32026  39  4.47    18.4
Abell 2933  24.84892 -55.28366  28357  67  5.23    18.7
Abell 2933  24.84900 -55.10369  51394  41  6.52    18.0
Abell 2933  24.85204 -54.87744  27521  27 10.28    18.3
Abell 2933  24.86700 -54.91714  26551  26 11.85    18.2
Abell 2933  24.90763 -54.79425  27676  36  9.91    17.5
Abell 2933  24.92592 -55.64634  29066  53  5.45    18.6
Abell 2933  24.97567 -55.50197  29127  57  5.04    18.2
Abell 2933  24.97763 -55.06897  50832  64  4.78    18.2
Abell 2933  24.99221 -55.45567   7770  59  4.88    16.6
Abell 2933  24.99396 -55.12869  27449  48  5.18    18.5
Abell 2933  25.02538 -55.33305  29009  55  5.56    18.3
Abell 2933  25.06188 -55.10730  29037  35  6.77    18.6
Abell 2933  25.08313 -54.98470  50844 109        5 18.6
Abell 2933  25.08754 -54.69053  18356 105  2.02    18.1
Abell 2933  25.09588 -54.85275  15390  32 10.18    18.1
Abell 2933  25.13921 -54.83600  28041  30 10.67    18.2
Abell 2933  25.15292 -55.58711  31897  57  5.14    18.5
Abell 2933  25.15596 -54.87178  51024  38  8.78    18.6
Abell 2933  25.21879 -55.07689  26773  47  6.94    18.0
Abell 2933  25.24133 -54.89439  51226  42  7.05    18.6
Abell 2933  25.27692 -54.59114  27800  75  3.40    18.0
Abell 2933  25.28717 -54.87080  17716 130  2.47    18.5
Abell 2933  25.36321 -55.60767  31688  71        5 18.3
Abell 2933  25.36404 -55.32933  26571  71       10 18.4
Abell 2933  25.38346 -54.86069  17675  68  4.85    18.7
Abell 2933  25.38450 -54.81475  27890  43  6.03    18.2
Abell 2933  25.40933 -55.64606  31891  27        4 18.7
Abell 2933  25.41046 -54.55389  35347  75        7 18.0
Abell 2933  25.44267 -55.14317  28056  39  8.48    17.3
Abell 2933  25.44371 -54.64070  35126  48  5.93    18.2
Abell 2933  25.48117 -55.50889   5518  29       12 18.4
Abell 2933  25.55167 -55.28431  47408  77  3.29    18.5
Abell 2933  25.59804 -54.51847  27892 225  2.19    18.5
Abell 2933  25.67504 -54.71650  37355  28  9.97    18.4
Abell 2933  25.84825 -54.80994  21648  29 11.34    17.3
Abell 2933  25.88508 -54.90986  54038  85  2.80    18.7
Abell 2933  25.91917 -55.66195  28378  49  6.13    17.5
Abell 2933  25.95200 -55.69534  26975 101  3.31    17.7
Abell 2933  25.96408 -55.65122  28500  88  3.75    17.3
Abell 2933  25.98313 -55.64261  28294  53  4.72    17.2
Abell 2933  25.99279 -55.65522  27999  87        8 18.1
