Abell 3135  51.77986 -38.62784  18922  33  8.85    18.0
Abell 3135  52.15967 -39.26669  31229  45  6.55    17.8
Abell 3135  52.17317 -38.66101  22180  95        3 17.4
Abell 3135  52.17617 -39.67629  38715  46        3 17.9
Abell 3135  52.20618 -39.09411  19541  39  6.63    16.4
Abell 3135  52.28256 -39.29390  31245  37  7.23    18.1
Abell 3135  52.28630 -39.17707  31826  31 11.29    17.2
Abell 3135  52.28797 -39.02232  18798  27 11.15    17.9
Abell 3135  52.30769 -38.87902  31052  53  7.08    17.5
Abell 3135  52.31308 -39.13897  19492  22 13.23    17.5
Abell 3135  52.31337 -39.70534  14756  21 15.28    15.9
Abell 3135  52.34001 -39.72230  18808  39  7.90    18.1
Abell 3135  52.35017 -39.35653  30835 131  2.79    16.7
Abell 3135  52.37738 -39.63968  18948  72        3 17.6
Abell 3135  52.39115 -39.67440  17689  66        4 17.2
Abell 3135  52.48976 -39.80086  31982 108        2 17.8
Abell 3135  52.53241 -39.69171  18385  48  4.67    17.5
Abell 3135  52.56011 -39.82945  31858  46  5.87    17.4
Abell 3135  52.56242 -39.73365  31191  49  4.97    18.1
Abell 3135  52.57014 -39.77330  30955  38  8.28    17.6
Abell 3135  52.60335 -39.42396  31361  39  8.07    17.6
Abell 3135  52.60817 -39.22669  36209  21        5 17.7
Abell 3135  52.61969 -39.54251  19078  47  5.64    16.4
Abell 3135  52.62036 -39.85276  31702  61  2.52    18.0
Abell 3135  52.64132 -39.68431  30921  35  8.72    17.3
Abell 3135  52.65000 -39.16825  36259  83  3.94    17.8
Abell 3135  52.65543 -39.00994  12092  53        4 17.3
Abell 3135  52.67183 -39.17713  19395  26 12.05    17.1
Abell 3135  52.67572 -39.06203  18784  24 12.16    17.6
Abell 3135  52.75936 -39.01361  20229  69  3.01    17.4
Abell 3135  52.77048 -39.18515  30673  62  2.50    17.3
Abell 3135  52.86535 -39.32204  19997  28 10.24    18.1
Abell 3135  52.89567 -38.86120  31090  29 10.67    17.4
Abell 3135  52.90819 -39.27917  19896  52  5.05    17.9
Abell 3135  52.92738 -38.44747  17900  49  3.53    17.9
Abell 3135  52.92823 -39.16356  19627  43  7.27    17.6
Abell 3135  52.93061 -39.48464  31326  34  8.21    17.4
Abell 3135  52.93244 -39.07549  18760  42  6.66    17.0
Abell 3135  52.94537 -38.96600  19217  41  5.04    18.0
Abell 3135  52.94995 -39.24675  33992  59  3.48    18.1
Abell 3135  52.95649 -38.53015  20274  42  7.77    16.3
Abell 3135  52.96338 -39.17232  18547  40  7.32    16.4
Abell 3135  52.98338 -38.57055  18013  54  5.31    16.2
Abell 3135  53.00082 -39.63189  18606 133        4 17.4
Abell 3135  53.01613 -39.18665  18324  57  5.95    16.6
Abell 3135  53.01890 -39.42820  19782  65  4.98    17.8
Abell 3135  53.02122 -38.45589   6486  51        3 17.5
Abell 3135  53.03231 -39.25156  17742  21 14.78    17.2
Abell 3135  53.04337 -38.66548  20273  68  3.04    17.8
Abell 3135  53.05353 -39.17765  18770  61        5 15.8
Abell 3135  53.05456 -39.62490  18238  64  3.43    17.9
Abell 3135  53.06664 -39.44167  32649 101  2.54    17.7
Abell 3135  53.06827 -39.15931  18386  26 13.80    16.2
Abell 3135  53.06936 -39.05515  20171  25 11.88    17.6
Abell 3135  53.07304 -39.36879  19672  35 10.01    16.8
Abell 3135  53.08675 -39.19719  18910  33 10.88    16.3
Abell 3135  53.08746 -39.71990  21700  47  5.90    17.8
Abell 3135  53.10646 -39.01991  18652  31  9.59    17.8
Abell 3135  53.10970 -39.65584  30040  29 10.30    17.5
Abell 3135  53.13236 -38.94726  18330  52  4.33    17.7
Abell 3135  53.13668 -39.36547  32844  80  2.88    17.9
Abell 3135  53.15314 -39.13720  19228  55  2.93    18.0
Abell 3135  53.16196 -39.29585  18573  60  3.74    17.5
Abell 3135  53.18245 -39.67091  22041  43        3 17.8
Abell 3135  53.18415 -39.11657  19482  34  7.32    17.7
Abell 3135  53.18886 -38.87358  20302 112        6 17.2
Abell 3135  53.19951 -39.23787  18118  39  8.75    16.6
Abell 3135  53.20625 -39.73428  26742  78  2.46    17.5
Abell 3135  53.22426 -38.92532  18782  41  7.13    17.9
Abell 3135  53.22451 -39.50710  22767  84  2.98    17.9
Abell 3135  53.24088 -39.66466  21808  36  9.94    16.0
Abell 3135  53.25341 -39.58605  22567  79  3.08    17.2
Abell 3135  53.26022 -38.47039  17903 -99        1 17.7
Abell 3135  53.26377 -38.85118  20324  54  4.25    16.2
Abell 3135  53.26429 -38.99648  17977  24 15.52    16.3
Abell 3135  53.26433 -39.62215  18146  45  6.07    16.8
Abell 3135  53.28376 -39.00032  17700  65  2.37    18.0
Abell 3135  53.28823 -39.69830  21154  47  5.78    18.1
Abell 3135  53.30048 -39.12459  20222  38  7.58    17.8
Abell 3135  53.32119 -39.02048  17876  71  3.86    17.4
Abell 3135  53.33986 -39.56136  18225  29 10.76    17.3
Abell 3135  53.34600 -39.89448  20134  32        3 17.9
Abell 3135  53.34784 -39.37515  32909  85  1.77    16.3
Abell 3135  53.35122 -39.00398  17996 104  2.62    17.7
Abell 3135  53.35486 -39.10231  18035  34  9.66    18.1
Abell 3135  53.35653 -38.83204  18697  35  7.90    16.8
Abell 3135  53.36639 -38.76821  18822  61  4.23    18.1
Abell 3135  53.37096 -39.24669  18735  41  7.25    16.8
Abell 3135  53.38799 -39.02805  37267  43  6.62    17.9
Abell 3135  53.39696 -38.96766  18627  32  8.86    17.9
Abell 3135  53.40222 -39.21054  18872  62  3.67    17.0
Abell 3135  53.40532 -38.90578  18292  36  6.14    18.0
Abell 3135  53.40675 -39.67051  29769  32 10.35    16.7
Abell 3135  53.41096 -38.84333  37027  63  2.34    16.2
Abell 3135  53.42282 -38.72845  19513  50  5.19    16.8
Abell 3135  53.42597 -39.39165  33491 128        3 17.9
Abell 3135  53.44768 -38.61632  18555  47  6.93    17.6
Abell 3135  53.47630 -38.78861  18450  36  8.29    17.7
Abell 3135  53.47694 -38.80998  18503  37  7.33    17.8
Abell 3135  53.52378 -38.78878  19228  25 13.88    16.7
Abell 3135  53.55445 -39.87471  36269  59  2.23    17.9
Abell 3135  53.55503 -38.81686  18494  29 10.10    17.8
Abell 3135  53.59105 -38.58000  20778  59  4.13    17.7
Abell 3135  53.60149 -39.79913  19859  45  5.25    16.4
Abell 3135  53.60712 -39.17622  16353  88  3.37    16.8
Abell 3135  53.61913 -39.87144  20400  72  3.56    17.1
Abell 3135  53.68079 -39.81667  20245 168        2 17.6
Abell 3135  53.68393 -39.50223  29282  61  4.88    17.2
Abell 3135  53.68752 -39.83804  30753  51  4.76    18.0
