Abell 3844 331.84433 -35.02783  21140  97  2.24    17.6
Abell 3844 331.85129 -34.61472  14114 226        4 18.2
Abell 3844 331.85593 -34.93850  10004  37  8.03    18.3
Abell 3844 331.86093 -34.57972   8363  52        6 18.2
Abell 3844 331.87796 -35.51708  46635  86  2.54    17.9
Abell 3844 331.89597 -35.06833  21299  96  2.65    18.1
Abell 3844 331.92249 -35.25575  38132  56  4.12    18.3
Abell 3844 331.94879 -34.73845  43580  64  3.03    18.0
Abell 3844 331.97589 -34.58700  25381  44  6.18    17.2
Abell 3844 332.01807 -34.56097  49049  89       10 17.9
Abell 3844 332.03113 -34.23022  44143 113        5 18.5
Abell 3844 332.04129 -34.62906  43436  64  4.10    18.4
Abell 3844 332.04297 -34.42881  44233  98  3.32    17.7
Abell 3844 332.05396 -34.92928  20581  69        7 18.4
Abell 3844 332.08051 -34.73322  22140  43  7.06    17.4
Abell 3844 332.09769 -34.28625  44099  56  4.64    18.0
Abell 3844 332.12329 -34.84747  43138  68  4.49    18.5
Abell 3844 332.13385 -35.15858  17383  95  3.37    18.4
Abell 3844 332.13843 -34.25486   9952 121        4 17.7
Abell 3844 332.14703 -34.84075  43152  48  5.09    18.6
Abell 3844 332.18698 -34.41928   8594 123        7 18.0
Abell 3844 332.19904 -34.81378  18333  71        8 18.5
Abell 3844 332.25687 -34.40417  22065  51  5.17    17.7
Abell 3844 332.27979 -34.84289  44003  66  5.71    17.8
Abell 3844 332.28152 -34.35461  28180 105        8 18.4
Abell 3844 332.29755 -34.28603  39930  75  3.62    18.0
Abell 3844 332.30545 -34.87994  12473  95       10 18.4
Abell 3844 332.32907 -34.43053  43200  36  8.06    18.2
Abell 3844 332.38611 -34.28856  29322  47  6.72    17.8
Abell 3844 332.38788 -34.27017  14838  61       10 18.2
Abell 3844 332.39450 -35.32067  29822  70  2.82    17.1
Abell 3844 332.41983 -35.15659  27061  70  4.56    18.4
Abell 3844 332.42328 -34.51270  22029  55  3.54    18.2
Abell 3844 332.51361 -34.96378  22294  25 12.24    17.0
Abell 3844 332.53015 -35.06833  43583  34  8.98    18.3
Abell 3844 332.53076 -35.62450  27084  30 10.21    17.0
Abell 3844 332.55661 -35.42856  35670  38  6.76    18.4
Abell 3844 332.59433 -34.91472  22033  22 14.31    17.5
Abell 3844 332.59521 -34.18947   4334  64       10 17.8
Abell 3844 332.64246 -34.91719  21975  37  7.59    18.1
Abell 3844 332.64462 -34.99564  21872  21 13.58    17.8
Abell 3844 332.66241 -34.32700  26483  51  4.49    16.9
Abell 3844 332.68143 -35.23083  46373  42  5.82    18.6
Abell 3844 332.68506 -35.05372  43766  32  8.47    18.2
Abell 3844 332.69904 -34.95139  45015  46  4.75    18.3
Abell 3844 332.75632 -34.59978  17724  19 17.78    16.7
Abell 3844 332.76996 -35.18556  17582  61  3.96    17.3
Abell 3844 332.77164 -35.44759  36437  79  3.70    18.1
Abell 3844 332.86264 -34.34980  45631  46  4.20    18.2
Abell 3844 332.86432 -35.24017  24037  59  3.95    18.5
Abell 3844 332.87909 -34.67564  52207 118  3.99    18.4
Abell 3844 332.88596 -34.70881   8353  65       10 18.3
Abell 3844 332.89102 -35.47606  45250  54  4.92    18.1
Abell 3844 332.89874 -35.03917  43876  46  6.22    18.2
Abell 3844 332.90283 -34.71270  43530  70  3.25    18.4
Abell 3844 332.93097 -35.31247  44969  33 10.75    18.1
Abell 3844 332.95056 -35.33419  23809  58  4.58    17.9
Abell 3844 332.95184 -35.01092  44204  47  4.23    18.4
Abell 3844 332.95285 -35.27322  17768  29 11.59    17.7
Abell 3844 332.96530 -35.08805  44200  69  4.08    18.4
Abell 3844 332.98135 -35.18895  36139  22 14.35    18.2
Abell 3844 333.00183 -35.05139  43009  42  5.20    18.3
Abell 3844 333.00656 -34.69436  45504  43  7.67    18.5
Abell 3844 333.03915 -35.40439  44883  60  3.77    18.6
Abell 3844 333.04254 -35.36936  17761  59  3.33    18.4
Abell 3844 333.09158 -34.62647   4234  77  3.22    17.0
Abell 3844 333.13013 -35.60983  45499  48  4.16    18.2
Abell 3844 333.14905 -35.33242  17915  25 11.74    17.3
Abell 3844 333.16006 -34.46925  24525  71       11 18.6
Abell 3844 333.16803 -35.41022  17874  23 14.59    17.0
Abell 3844 333.17294 -34.57989  17019  44       13 18.1
Abell 3844 333.19296 -35.42908  17774  33  8.17    17.8
Abell 3844 333.21567 -35.46947  59208  57  3.67    18.6
Abell 3844 333.23685 -35.47600   9076  36        9 18.6
Abell 3844 333.24506 -34.35633  18592  68  2.31    18.5
Abell 3844 333.24872 -34.77997  20872  24 13.01    18.0
Abell 3844 333.26508 -34.40978   9254  59  1.93    17.9
Abell 3844 333.26553 -34.34011  46313  47  5.59    18.5
Abell 3844 333.27643 -35.42564  43470  48  5.30    18.2
Abell 3844 333.27719 -34.84639  17749  24 13.08    18.5
Abell 3844 333.30756 -34.52264  23408  78  3.49    18.0
Abell 3844 333.31122 -35.18389  22953  94        8 18.5
Abell 3844 333.33347 -34.41895  16961  18 17.85    17.0
Abell 3844 333.35129 -35.01936  46555  34  9.53    18.3
Abell 3844 333.36221 -35.16856  44176  40  7.83    18.6
Abell 3844 333.36340 -34.48753  17105  37        7 18.3
Abell 3844 333.37045 -35.19370  43958  55  4.95    18.4
Abell 3844 333.43674 -34.69558  21165 100  3.41    16.9
Abell 3844 333.44852 -35.06525  28934  38  6.40    17.7
Abell 3844 333.45911 -35.28103  22019  30  8.78    18.3
Abell 3844 333.46066 -35.18895  35771  36  7.69    18.5
Abell 3844 333.46695 -35.54222  35849  64  3.53    18.6
Abell 3844 333.51242 -35.06639  21033  67  3.43    17.6
Abell 3844 333.54517 -34.73953  52727  50  6.11    18.4
Abell 3844 333.55005 -34.21875  16756 134        7 17.8
