Abell 3264  66.79738 -49.26753  29500  44  6.08    17.9
Abell 3264  66.81720 -49.30122  32073  28        4 18.7
Abell 3264  66.86462 -49.28153  29140  15        4 17.1
Abell 3264  66.86967 -49.25022  36477  80  2.68    18.5
Abell 3264  66.88570 -49.26253  31776  38        4 18.5
Abell 3264  66.88645 -49.82875  42598  33  8.23    18.4
Abell 3264  66.88829 -49.52625  28101  33  7.79    17.8
Abell 3264  66.90558 -49.29578  29353  43  5.60    18.3
Abell 3264  66.91383 -49.59400  20965  50  6.30    18.0
Abell 3264  66.92962 -49.62333  21093  39  5.88    18.0
Abell 3264  66.98325 -49.31380  22069  35  7.55    17.5
Abell 3264  67.04679 -49.87447  19390 126  2.21    18.5
Abell 3264  67.05721 -49.33011  20836  96  2.44    17.5
Abell 3264  67.15341 -49.71881   4413  68  4.13    16.0
Abell 3264  67.18117 -49.37505  29662  30  9.48    18.4
Abell 3264  67.22796 -49.10733  20993 162        2 18.4
Abell 3264  67.23150 -49.32686  29977  40  6.95    18.5
Abell 3264  67.24229 -49.14511  21071 158        2 17.4
Abell 3264  67.24629 -49.48344  29749  42  6.91    17.6
Abell 3264  67.25546 -49.22858  30039  32  7.12    18.4
Abell 3264  67.25912 -49.26619  28907  33  8.96    17.9
Abell 3264  67.27704 -49.69619   4358  51        3 17.8
Abell 3264  67.28783 -49.44936  30397  49  5.53    18.6
Abell 3264  67.29504 -49.39194  29563  44  6.35    17.9
Abell 3264  67.34178 -49.50575  14857 161  2.02    17.8
Abell 3264  67.34566 -49.18444  29656  31  9.53    17.7
Abell 3264  67.36854 -49.59205  42568  45  6.33    18.2
Abell 3264  67.38017 -49.30150  29224  26 10.27    17.2
Abell 3264  67.39262 -49.68775  29999  30  8.98    18.0
Abell 3264  67.40000 -49.33572  29753  43  6.22    17.8
Abell 3264  67.41479 -49.75672  20867  19 15.32    17.5
Abell 3264  67.41525 -49.29380  28631  47  5.93    17.1
Abell 3264  67.42354 -49.60480  29956  31  9.43    17.8
Abell 3264  67.42641 -49.56600  30084  34  8.43    18.4
Abell 3264  67.43187 -49.30711  28705  51  5.09    18.6
Abell 3264  67.45041 -49.85719  27211  51  3.36    17.7
Abell 3264  67.45303 -49.01761  29195  43  5.99    17.7
Abell 3264  67.46021 -49.43950  29255  45  8.12    18.6
Abell 3264  67.47712 -49.37489  28368 167  2.49    18.5
Abell 3264  67.48267 -49.32028  28123  76  3.64    18.3
Abell 3264  67.51379 -49.31433  30708  94  2.88    18.2
Abell 3264  67.53171 -49.24850  30491  34  7.22    18.4
Abell 3264  67.53871 -49.52550  36465  44  4.87    18.0
Abell 3264  67.58279 -49.79022  29347  31  9.27    17.8
Abell 3264  67.58950 -49.52011  20910  31 11.66    17.8
Abell 3264  67.60130 -49.36953  29823 107  2.12    18.3
Abell 3264  67.61212 -49.40342  29450  39  6.42    18.5
Abell 3264  67.63812 -49.33414  16560  52  5.26    17.4
Abell 3264  67.63825 -49.38622  31817  43  6.63    18.5
Abell 3264  67.64542 -49.42367  28728  56  6.66    18.6
Abell 3264  67.67946 -49.46378  20927  29 11.36    17.7
Abell 3264  67.68076 -49.34350  28544  85  1.54    18.6
Abell 3264  67.70009 -49.28992  29394  29 10.13    18.2
Abell 3264  67.70683 -49.69283  20889  31  9.65    17.0
Abell 3264  67.73524 -49.39447  31631  31  9.53    18.2
Abell 3264  67.76866 -49.53739  28257  61  4.62    18.3
Abell 3264  67.78525 -49.69358  37148  24 11.82    18.4
Abell 3264  67.80275 -49.04917  16746 185        2 18.7
Abell 3264  67.81241 -49.37717  31840  76  4.08    17.9
Abell 3264  67.81654 -49.29314  29815  62  4.00    18.7
Abell 3264  67.83057 -49.05806  16374  25 12.57    17.4
Abell 3264  67.86742 -49.26972  16553  87  3.35    17.4
Abell 3264  67.86783 -49.50969  29291  31  9.11    18.1
Abell 3264  67.87350 -49.78114  16555  28        2 18.6
Abell 3264  67.88332 -49.39072  60474 142  1.86    18.5
Abell 3264  67.89608 -49.64242  29550 100  2.07    18.7
Abell 3264  67.90166 -49.45706  28859  40  7.72    18.2
Abell 3264  67.91445 -48.97606  50015 265        3 18.2
Abell 3264  67.93920 -49.14653  44900  58  5.25    18.2
Abell 3264  67.94221 -49.64558  28254  46  7.15    17.1
Abell 3264  67.94729 -49.22039  34413  94  2.42    18.1
Abell 3264  67.95496 -49.82625  28908  60  3.28    18.3
Abell 3264  67.96970 -48.89586  21194  61  2.76    18.1
Abell 3264  68.01392 -49.62769  28096  33  8.72    18.4
Abell 3264  68.02946 -49.56822  21687 165  2.78    17.6
Abell 3264  68.02995 -49.59658  27730 101  2.60    17.9
Abell 3264  68.03250 -49.05172  34224  34  8.07    17.8
Abell 3264  68.05679 -49.02550  39117  56  4.38    18.4
Abell 3264  68.05904 -49.64050  28122  31  8.95    18.6
Abell 3264  68.06946 -48.99606  27140  58  5.52    18.4
Abell 3264  68.08229 -49.04345  33926  65  3.99    18.3
Abell 3264  68.11658 -49.53800  30683  42        4 18.6
Abell 3264  68.12529 -49.35858  17588 135  2.01    18.5
Abell 3264  68.13258 -49.68670  28459  30  7.90    18.3
Abell 3264  68.13321 -49.83669  27871  82  3.08    18.6
Abell 3264  68.13762 -49.06811  16506  50  4.84    17.1
Abell 3264  68.16254 -49.35091  10411 146        4 16.9
Abell 3264  68.18758 -49.83416  68056  53  4.94    17.8
Abell 3264  68.26208 -49.08680  33282  52  4.78    18.3
Abell 3264  68.28992 -49.55030  31733  81  3.57    18.4
Abell 3264  68.29897 -49.32980  25146  43  5.74    18.4
